200   PA234_Student_Data/PA4-K-Unknown-Output.txt
    38.35       -0.57        5.66          38.35       -0.56        5.66        0.007
     3.38      -16.75       -7.89           3.36      -16.63       -7.95        0.138
   -18.64       10.44      -35.77         -18.65       10.50      -35.81        0.072
    11.25       24.27       -7.19          11.18       24.34       -7.23        0.103
    32.38       16.27       10.20          32.39       16.27       10.20        0.004
   -20.17      -13.92      -48.98         -20.17      -13.92      -48.97        0.001
    25.35        1.06       31.37          25.15        1.16       31.32        0.234
   -33.08      -27.53      -18.43         -33.13      -27.59      -18.40        0.083
     1.01        6.64      -19.03           0.96        6.53      -18.93        0.162
    37.67        0.92        8.88          37.69        0.91        8.90        0.031
    29.18       13.12       17.80          29.21       13.13       17.82        0.038
    30.23       17.34       12.05          30.16       17.29       12.01        0.099
     7.46       20.58       -5.58           7.38       20.62       -5.64        0.113
    22.29        4.97       50.58          22.34        4.96       50.59        0.050
   -32.50        5.43      -37.76         -32.45        5.32      -37.71        0.132
     4.41      -12.29      -23.89           4.40      -12.29      -23.88        0.012
     6.65       -6.82       34.47           6.67       -6.93       34.48        0.106
   -35.94        2.92      -15.50         -35.90        2.90      -15.53        0.049
    33.86       -5.47        0.09          33.72       -5.37        0.11        0.171
    21.12       16.98       37.27          21.12       16.98       37.27        0.001
    -3.05      -19.02      -37.71          -3.12      -18.98      -37.67        0.085
   -32.18      -14.81      -45.97         -32.16      -14.77      -45.88        0.104
   -37.53      -17.22      -40.68         -37.51      -17.20      -40.65        0.035
    30.04       21.00       -1.33          30.01       20.97       -1.33        0.045
    21.16       22.31      -25.91          21.17       22.32      -25.92        0.020
    12.54      -16.91       -8.87          12.57      -16.84       -8.85        0.079
     5.81      -12.97      -22.15           5.76      -12.95      -22.09        0.072
    -1.13       12.02       -3.45          -1.15       12.05       -3.46        0.035
     0.21      -13.10      -30.45           0.25      -13.10      -30.45        0.036
    -7.06        4.13       57.13          -6.93        4.14       57.13        0.122
    17.09       -4.80       42.00          17.09       -4.80       42.00        0.001
    32.31       18.39      -12.37          32.35       18.42      -12.37        0.048
    12.12       26.86        4.50          12.08       26.98        4.53        0.131
    29.21       -0.76       18.77          29.16       -0.74       18.73        0.062
     3.39       24.00       21.02           3.38       23.95       21.01        0.051
    -3.45       14.45       60.47          -3.40       14.40       60.47        0.077
     6.33       22.72       29.88           6.33       22.62       29.86        0.105
    25.95       24.04       -0.71          25.91       23.95       -0.72        0.097
    -1.72       -7.84      -32.49          -1.85       -7.87      -32.42        0.143
   -16.91      -28.31      -14.13         -16.92      -28.29      -14.14        0.029
    -6.77       -3.69       28.57          -6.85       -3.73       28.59        0.087
    -5.62      -16.01       -4.41          -5.62      -15.98       -4.43        0.031
    23.70        8.46       42.32          23.74        8.47       42.33        0.040
     0.58       18.10        5.01           0.58       18.10        5.01        0.001
    21.94        7.32       55.35          21.90        7.32       55.35        0.037
    -6.85        5.89       42.02          -6.98        5.89       42.02        0.126
    18.96       25.44      -20.61          18.95       25.50      -20.61        0.058
   -28.25      -25.51      -10.91         -28.20      -25.46      -10.98        0.103
    18.84       -6.74       16.52          18.86       -6.83       16.53        0.096
    17.75        8.63       63.16          17.75        8.63       63.11        0.049
    10.10        6.56       62.83          10.10        6.56       62.88        0.056
    13.57       25.38       12.96          13.57       25.40       12.96        0.022
    13.02       26.59        8.12          13.03       26.63        8.12        0.043
    19.63       18.90       37.18          19.73       18.97       37.21        0.130
   -34.85      -12.74      -45.55         -34.86      -12.75      -45.57        0.027
     9.33       13.82       -9.84           9.30       13.84       -9.89        0.063
    25.41       21.53       13.23          25.36       21.46       13.20        0.099
    -9.45        9.07        6.62          -9.42        9.04        6.63        0.040
    35.90        0.29       10.85          35.98        0.28       10.92        0.112
    -6.71        5.37      -27.29          -6.60        5.51      -27.32        0.180
     3.22       -7.35       62.93           3.25       -7.13       62.85        0.238
    21.49       -4.78       24.46          21.50       -4.80       24.46        0.026
    -9.71        6.30      -35.83          -9.73        6.26      -35.82        0.045
    -6.80       14.05       43.18          -6.85       14.06       43.20        0.059
   -43.90       -9.37      -26.29         -44.00       -9.38      -26.32        0.104
    21.99       -1.20       37.44          22.11       -1.31       37.47        0.169
   -19.40       -5.89       -2.61         -19.44       -5.91       -2.54        0.075
   -25.60      -23.72      -43.71         -25.60      -23.71      -43.69        0.018
    -2.63      -11.87        4.79          -2.63      -11.90        4.80        0.025
    -6.57      -16.98       -5.98          -6.58      -17.05       -5.92        0.091
    21.26       -9.35        4.60          21.29       -9.46        4.65        0.118
   -34.00       -1.65      -11.11         -34.01       -1.70      -11.12        0.051
    -6.05        0.13       53.76          -6.02        0.14       53.76        0.037
    23.49       10.74       43.03          23.33       10.71       43.01        0.168
    -3.86       -3.78      -38.49          -3.91       -3.81      -38.47        0.057
    21.45       -1.89       37.19          21.53       -1.97       37.21        0.111
    16.87       21.33      -29.18          16.87       21.34      -29.19        0.019
    -4.52       24.76       25.38          -4.53       24.68       25.38        0.080
   -19.46      -24.59      -44.00         -19.45      -24.62      -44.03        0.046
    27.26        4.39       26.56          27.34        4.39       26.59        0.082
    28.34       11.19       21.58          28.16       11.14       21.52        0.190
   -38.38      -14.19      -40.80         -38.45      -14.21      -40.85        0.092
   -32.73      -16.19       -8.06         -32.73      -16.18       -8.07        0.009
    26.04       20.51      -23.30          26.02       20.48      -23.27        0.038
    -7.90       -4.63       21.78          -7.83       -4.60       21.77        0.078
    14.26       22.33       34.01          14.25       22.41       34.03        0.079
    15.81       24.59      -18.50          15.83       24.56      -18.50        0.031
   -10.66      -28.95      -20.63         -10.60      -29.06      -20.60        0.121
    32.75       -2.45      -24.09          32.71       -2.44      -24.06        0.051
    30.32        8.23      -28.39          30.33        8.23      -28.40        0.009
   -13.02       10.89      -24.36         -13.01       10.89      -24.36        0.008
    18.44       25.55      -15.33          18.44       25.51      -15.33        0.047
     0.46      -15.37      -29.36           0.42      -15.37      -29.35        0.033
    26.95        9.83       27.47          26.79        9.78       27.43        0.171
    14.74       13.60      -28.52          14.75       13.61      -28.52        0.009
    17.53       -3.51       49.23          17.57       -3.55       49.24        0.053
   -43.87      -10.24      -23.47         -43.85      -10.23      -23.48        0.029
     1.56      -14.92       -3.57           1.55      -14.81       -3.62        0.117
    24.21        9.90       39.66          24.09        9.85       39.63        0.135
    -9.03       11.03       36.07          -9.14       10.98       36.10        0.119
    25.09       12.95      -29.66          25.09       12.96      -29.67        0.013
    -7.07        5.23       58.71          -7.08        5.23       58.71        0.013
     3.07       23.70       23.98           3.07       23.64       23.98        0.059
    -4.59        0.78      -30.44          -4.58        0.79      -30.44        0.014
    34.82       16.18        3.52          34.79       16.14        3.51        0.047
     9.19       -6.39      -21.90           9.19       -6.39      -21.91        0.009
   -35.78      -14.87       -9.40         -35.84      -14.87       -9.34        0.082
   -21.84        2.33      -44.48         -21.83        2.37      -44.54        0.075
   -21.90       -9.67       -4.12         -21.93       -9.67       -4.08        0.049
   -38.27      -21.55      -16.90         -38.27      -21.55      -16.90        0.003
    -5.94       -0.63       44.86          -5.79       -0.58       44.87        0.166
    -1.12      -16.34      -35.96          -1.13      -16.34      -35.96        0.012
     1.37       -9.20      -27.58           1.42       -9.19      -27.61        0.054
    32.61        6.47      -25.18          32.61        6.47      -25.18        0.003
    24.64       -2.51       25.49          24.61       -2.48       25.48        0.041
    -1.75      -21.34      -32.33          -1.71      -21.36      -32.33        0.038
    11.50       -6.35       41.42          11.50       -6.37       41.42        0.015
     3.48       17.21       -1.23           3.52       17.19       -1.21        0.054
    31.06        8.12       17.08          31.16        8.13       17.14        0.119
   -16.90      -15.69      -47.97         -16.91      -15.68      -47.95        0.026
   -38.85      -19.35      -15.80         -38.88      -19.37      -15.78        0.033
    30.41        4.61       18.68          30.45        4.61       18.70        0.044
    30.65       18.67      -18.48          30.77       18.73      -18.53        0.146
    15.02      -10.57        7.57          15.02      -10.51        7.54        0.065
    -2.33      -10.01      -39.19          -2.35      -10.00      -39.17        0.026
    30.25       13.08       15.85          30.26       13.09       15.85        0.016
     4.35        7.60      -16.13           4.33        7.55      -16.08        0.073
   -38.58      -23.62      -31.05         -38.45      -23.53      -31.01        0.166
    26.69       -3.21      -27.11          26.69       -3.21      -27.10        0.010
    12.96       -7.48      -21.69          12.95       -7.50      -21.79        0.098
    35.87       -2.26      -17.33          35.90       -2.26      -17.34        0.031
     6.86       22.99       27.82           6.86       22.98       27.81        0.011
    26.80      -12.50      -10.14          26.75      -12.45      -10.15        0.072
     2.71       -6.89       51.02           2.71       -6.89       51.02        0.006
   -10.33       18.17       37.64         -10.30       18.16       37.60        0.045
    -4.16       24.08       29.14          -4.15       24.17       29.17        0.101
   -31.99      -29.29      -22.08         -32.00      -29.30      -22.08        0.019
    14.86       27.13       -1.60          14.87       27.08       -1.61        0.050
   -19.08      -30.91      -16.93         -19.09      -30.88      -16.95        0.041
   -28.80      -17.34       -7.35         -28.79      -17.34       -7.39        0.040
     7.35       22.68       29.18           7.35       22.75       29.20        0.069
   -13.68      -29.04      -17.37         -13.69      -29.00      -17.39        0.049
     7.43        7.08       63.08           7.43        7.08       63.07        0.013
    -7.78        3.18       30.33          -7.79        3.18       30.33        0.005
     8.10       -7.46       60.13           8.09       -7.30       60.14        0.163
    22.75        3.20       44.96          22.82        3.18       44.97        0.078
    27.95      -12.26      -13.89          27.95      -12.26      -13.89        0.005
   -19.86      -32.83      -28.53         -19.87      -32.73      -28.52        0.102
   -32.67        2.72      -40.25         -32.67        2.72      -40.24        0.009
    23.79      -11.24       -1.04          23.78      -11.19       -1.07        0.057
    -8.55       -6.18      -44.99          -8.51       -6.15      -45.04        0.063
    21.96       18.76       27.97          22.12       18.87       28.01        0.198
    -6.42      -11.21        4.62          -6.43      -11.23        4.63        0.018
     4.47       -8.28       23.01           4.49       -8.40       23.03        0.130
    34.98        0.88       11.91          35.06        0.87       11.99        0.112
    -3.93       23.94       30.47          -3.94       23.85       30.45        0.100
   -11.88      -23.87      -11.33         -11.92      -23.83      -11.41        0.100
    18.54       26.95       -1.79          18.54       26.94       -1.79        0.016
     6.55      -10.51      -22.90           6.55      -10.50      -22.88        0.021
   -27.64      -26.92      -12.09         -27.65      -26.93      -12.08        0.009
    30.59        7.56      -28.19          30.57        7.56      -28.17        0.029
    26.68       17.21       18.17          26.66       17.20       18.16        0.025
   -39.90      -15.73      -35.11         -39.85      -15.72      -35.11        0.044
   -10.48        9.66       12.39         -10.48        9.66       12.39        0.002
   -40.10      -20.86      -30.80         -40.18      -20.90      -30.82        0.092
   -12.81       10.41      -21.79         -12.83       10.37      -21.80        0.053
    -8.33        8.84       36.07          -8.18        8.87       36.02        0.153
    -0.08       17.10       58.74          -0.10       17.11       58.74        0.020
    35.28       15.76        4.02          35.20       15.68        4.02        0.109
    18.26      -11.32        3.81          18.25      -11.31        3.81        0.013
    -5.18      -22.64      -36.86          -5.20      -22.62      -36.85        0.029
   -15.07       -8.35        0.88         -15.10       -8.37        0.92        0.053
    40.29        3.10       -4.18          40.46        2.99       -4.15        0.206
    -7.62        5.16       32.54          -7.71        5.14       32.56        0.087
   -20.13      -14.78      -48.64         -20.13      -14.80      -48.70        0.064
   -17.53       10.88      -33.67         -17.51       11.00      -33.70        0.124
    12.27       25.61       -7.00          12.32       25.51       -6.97        0.113
    22.14       24.91        5.54          22.18       24.99        5.56        0.089
   -36.73       -6.23      -42.61         -36.66       -6.26      -42.53        0.105
     1.42       -0.26      -24.31           1.40       -0.26      -24.28        0.034
    29.27      -10.59      -18.86          29.30      -10.64      -18.87        0.063
     6.08      -15.67       -5.03           6.10      -15.58       -5.04        0.094
    10.09       -6.60       43.72          10.08       -6.51       43.72        0.087
    18.57       16.37      -31.10          18.57       16.37      -31.11        0.014
   -39.27        2.25      -21.80         -39.25        2.24      -21.81        0.023
   -40.80        0.85      -24.91         -40.76        0.82      -24.91        0.050
    34.57       11.81       10.41          34.65       11.83       10.48        0.112
   -31.41       -9.91       -6.57         -31.36       -9.91       -6.63        0.080
    -0.03      -14.44      -33.45          -0.04      -14.44      -33.45        0.011
    -7.43        8.48      -16.68          -7.43        8.34      -16.69        0.147
    29.93       20.71      -15.48          30.01       20.79      -15.49        0.112
    -7.49        2.55       31.81          -7.40        2.57       31.79        0.102
    -1.93      -22.13      -31.49          -1.96      -22.11      -31.48        0.032
    34.47       12.61       10.54          34.47       12.61       10.54        0.008
   -31.74      -13.02      -46.63         -31.74      -13.02      -46.64        0.006
    19.63        0.42       58.98          19.71        0.38       58.99        0.091
    22.56        9.25       51.64          22.32        9.24       51.61        0.241
    22.69       -8.34        7.10          22.68       -8.30        7.09        0.040
   -26.88        0.21      -45.22         -26.90        0.24      -45.26        0.052
   -21.68      -32.62      -30.00         -21.68      -32.70      -30.01        0.079
