75   PA234_Student_Data/PA4-A-Debug-Output.txt
    -6.87        4.11       41.62          -6.86        4.11       41.62        0.004
    20.77       14.19       50.30          20.77       14.19       50.30        0.000
    27.70       -3.54       17.22          27.70       -3.54       17.22        0.000
     0.40      -10.20      -29.40           0.41      -10.19      -29.41        0.005
   -11.46        6.28        7.13         -11.46        6.28        7.13        0.002
   -30.92      -22.71       -9.96         -30.92      -22.71       -9.96        0.000
    13.73       23.35      -16.42          13.73       23.35      -16.42        0.001
    20.50        3.49      -26.52          20.49        3.49      -26.52        0.005
    19.44       16.29       49.48          19.44       16.29       49.48        0.001
   -34.72      -11.11       -7.90         -34.72      -11.11       -7.90        0.002
     6.20       18.60       -4.76           6.20       18.60       -4.76        0.001
    -5.28       -1.73       51.58          -5.28       -1.72       51.58        0.005
    15.43       -4.70       53.61          15.43       -4.70       53.61        0.000
    35.55       -4.08      -15.43          35.55       -4.08      -15.43        0.001
    19.19       20.42      -28.55          19.19       20.42      -28.55        0.002
    38.02       -0.55      -12.14          38.02       -0.55      -12.14        0.001
    -1.37      -16.69      -36.14          -1.37      -16.69      -36.14        0.002
   -36.28       -3.92      -42.13         -36.29       -3.92      -42.13        0.001
   -26.91       10.94      -29.24         -26.91       10.94      -29.24        0.004
    10.45       -7.87       19.04          10.45       -7.87       19.04        0.003
    31.38       18.58      -16.43          31.39       18.58      -16.43        0.002
    17.76      -17.30      -11.31          17.76      -17.29      -11.31        0.002
    21.47       23.75       11.75          21.47       23.74       11.75        0.005
   -11.60        5.94       16.22         -11.59        5.94       16.22        0.001
    19.43       -6.71      -23.74          19.43       -6.71      -23.74        0.000
    35.57       -3.75      -17.10          35.57       -3.75      -17.10        0.002
     8.18      -15.07      -17.01           8.18      -15.07      -17.01        0.004
     0.72       20.15        7.09           0.72       20.15        7.09        0.000
    39.37        2.42        4.59          39.37        2.42        4.59        0.000
    14.13       21.96       41.18          14.13       21.96       41.18        0.003
     9.08      -11.50      -20.80           9.08      -11.50      -20.80        0.003
    39.00        8.67       -5.62          39.00        8.67       -5.62        0.004
   -38.72       -4.99      -39.79         -38.71       -4.99      -39.79        0.002
    27.71       21.30      -20.46          27.71       21.31      -20.46        0.003
    -8.33        4.90      -35.69          -8.33        4.90      -35.69        0.003
    -2.88       -2.02       63.43          -2.88       -2.02       63.43        0.000
    20.86       12.56       56.09          20.86       12.56       56.09        0.001
    -4.94       17.44       11.15          -4.94       17.44       11.15        0.001
   -29.45       -8.13      -47.53         -29.45       -8.13      -47.53        0.001
    17.52       17.82       53.05          17.52       17.82       53.05        0.001
   -26.88        4.63      -41.65         -26.88        4.63      -41.65        0.001
   -10.78      -10.47      -47.08         -10.78      -10.47      -47.08        0.002
    -6.12        3.12       62.28          -6.13        3.12       62.28        0.004
   -40.95      -11.13      -15.23         -40.95      -11.13      -15.23        0.000
    16.00      -17.23      -10.43          16.00      -17.23      -10.43        0.002
    -1.70        3.16      -24.48          -1.70        3.16      -24.48        0.001
    20.99       -5.98       19.29          20.99       -5.98       19.29        0.003
    27.24        3.31       26.56          27.25        3.31       26.56        0.004
    35.75       -3.46      -14.55          35.75       -3.46      -14.55        0.002
    12.74      -16.15       -1.82          12.74      -16.15       -1.82        0.001
    17.25       11.50       63.19          17.25       11.50       63.19        0.000
    13.51       -9.65       11.02          13.51       -9.65       11.02        0.000
   -25.88      -18.67      -46.92         -25.88      -18.67      -46.92        0.001
    25.40        4.29      -29.92          25.40        4.28      -29.93        0.003
     7.44       -7.06       29.46           7.44       -7.07       29.46        0.004
     0.15       19.15        6.59           0.15       19.15        6.59        0.004
    22.22       -2.53       33.24          22.22       -2.53       33.24        0.002
    29.30       -8.19        4.23          29.30       -8.19        4.23        0.003
   -28.81      -11.35      -47.67         -28.81      -11.35      -47.67        0.000
    27.45       -2.47       19.61          27.45       -2.47       19.61        0.004
   -13.47      -14.32      -47.58         -13.47      -14.32      -47.58        0.002
   -36.72      -21.90      -37.61         -36.71      -21.90      -37.61        0.002
     1.77       23.00       11.81           1.77       23.00       11.81        0.001
    -9.28      -29.31      -24.99          -9.28      -29.31      -24.99        0.001
    -8.38        4.15       28.41          -8.38        4.15       28.41        0.003
    22.93      -13.86       -4.51          22.94      -13.87       -4.51        0.006
    -6.64        9.05       -3.14          -6.65        9.06       -3.14        0.002
    34.23       16.43       -8.82          34.23       16.43       -8.82        0.002
   -28.87        1.19      -12.78         -28.87        1.19      -12.78        0.001
     7.96       23.22       26.01           7.96       23.22       26.01        0.001
   -13.98      -31.00      -31.45         -13.98      -31.00      -31.45        0.000
    26.30        6.70       30.43          26.31        6.70       30.43        0.001
   -15.67       11.55      -23.96         -15.67       11.56      -23.96        0.006
    19.38       -0.70       56.75          19.38       -0.70       56.75        0.001
   -28.00        6.56      -38.90         -28.00        6.56      -38.90        0.001
