200   PA234_Student_Data/PA4-E-Debug-Output.txt
   -32.65        5.13      -37.82         -32.65        5.13      -37.82        0.001
    -4.61       -7.31      -41.31          -4.56       -7.29      -41.35        0.064
    -3.11       -4.65       45.33          -3.22       -4.79       45.34        0.172
    -1.79       -5.34       58.23          -1.88       -5.55       58.25        0.229
     2.70       -1.67      -23.99           2.70       -1.67      -23.99        0.011
     1.25      -18.93      -18.76           1.20      -18.87      -18.75        0.071
    28.54       21.91      -11.08          28.58       21.97      -11.08        0.062
   -39.04       -8.34      -12.26         -39.08       -8.33      -12.23        0.049
    22.82        7.23       48.05          22.90        7.23       48.06        0.086
   -34.46      -13.08      -45.68         -34.48      -13.09      -45.71        0.042
    25.76        2.10       29.85          25.90        2.03       29.88        0.170
    -4.12       14.20        6.79          -4.15       14.23        6.77        0.047
    19.54       -3.91      -23.70          19.56       -3.91      -23.67        0.040
    -1.59       -0.81      -27.17          -1.61       -0.83      -27.15        0.038
   -35.34        6.71      -24.90         -35.36        6.74      -24.90        0.032
    -9.16       11.13       36.71          -9.06       11.18       36.68        0.115
    24.95       22.78       10.51          24.91       22.69       10.49        0.105
    -4.92       12.25       60.82          -4.92       12.24       60.82        0.007
    31.12        7.99       17.18          31.14        7.99       17.20        0.025
    25.96       -3.57       19.40          26.04       -3.72       19.44        0.178
    25.45       -2.26       23.42          25.61       -2.43       23.50        0.245
   -23.84      -13.33       -5.96         -23.85      -13.34       -5.91        0.053
   -34.08      -19.81      -10.50         -34.09      -19.82      -10.48        0.024
     0.57       -2.66       63.47           0.57       -2.66       63.39        0.083
    15.50        9.11      -18.50          15.45        9.13      -18.53        0.059
     3.51       24.12       14.02           3.52       24.12       14.02        0.006
   -18.01       -1.04      -46.89         -18.01       -1.02      -46.93        0.047
   -34.77      -26.68      -33.84         -34.70      -26.61      -33.80        0.099
    -7.13        0.44       32.36          -7.11        0.44       32.36        0.021
    17.74       22.76       23.71          17.73       22.72       23.71        0.037
    14.65      -10.85      -19.81          14.65      -10.80      -19.77        0.066
   -32.40      -27.97      -34.55         -32.40      -27.97      -34.55        0.008
    -3.59       -9.18       20.38          -3.56       -9.08       20.37        0.102
    -3.92      -10.85      -40.92          -3.87      -10.86      -40.95        0.059
    37.53       10.79       -7.41          37.64       10.85       -7.43        0.123
     0.15        5.30      -20.97           0.15        5.30      -20.97        0.003
    35.71        7.68      -18.94          35.60        7.66      -18.90        0.119
   -29.31       -9.17      -47.71         -29.32       -9.17      -47.74        0.031
    -6.93       10.59        4.31          -6.96       10.64        4.29        0.064
   -29.40      -30.02      -19.24         -29.38      -29.96      -19.27        0.065
    -6.60        2.90       59.96          -6.51        2.91       59.94        0.097
    14.29       23.78       19.37          14.32       23.93       19.39        0.157
   -21.22       11.70      -32.12         -21.22       11.66      -32.11        0.049
    19.86       12.57       62.08          19.86       12.57       62.07        0.006
    12.19       20.53       57.96          12.19       20.52       57.96        0.018
   -14.40      -12.53      -48.45         -14.42      -12.53      -48.41        0.045
     9.69       24.71       16.27           9.70       24.75       16.27        0.041
    11.04       22.37       30.52          11.04       22.53       30.53        0.157
     7.95       -5.47       63.46           7.95       -5.47       63.42        0.038
    29.40       16.41       13.85          29.51       16.50       13.94        0.171
   -17.55      -30.66      -35.51         -17.55      -30.67      -35.51        0.010
    28.32       21.89        6.22          28.35       21.95        6.23        0.073
    21.57       -0.54       44.69          21.44       -0.46       44.67        0.150
   -13.73       21.13       20.30         -13.69       21.11       20.32        0.052
    -6.04       14.11        9.36          -6.14       14.18        9.30        0.139
    26.34        7.57       30.60          26.20        7.56       30.56        0.140
    38.87        6.74        7.02          38.87        6.74        7.02        0.004
   -22.02       -2.00      -47.32         -22.00       -2.01      -47.39        0.073
    -8.20      -28.22      -21.67          -8.27      -28.09      -21.70        0.151
    15.05       22.98       24.75          15.06       23.10       24.76        0.128
   -11.48      -21.08       -9.60         -11.48      -21.05       -9.65        0.055
    16.21      -15.21      -15.56          16.22      -15.18      -15.54        0.045
    14.83        4.99       63.11          14.83        4.99       63.11        0.000
    27.44        7.38      -30.16          27.44        7.38      -30.16        0.008
     2.25       19.89       42.81           2.26       20.13       42.90        0.257
     0.29       -9.40       21.19           0.29       -9.41       21.19        0.013
   -15.07      -25.01      -11.09         -15.08      -25.00      -11.10        0.013
   -31.18        5.03      -39.41         -31.13        4.97      -39.35        0.095
   -19.38      -18.90       -6.55         -19.38      -18.90       -6.55        0.005
     1.63       17.86       60.15           1.62       17.88       60.15        0.021
   -12.41        3.64       12.45         -12.29        3.65       12.43        0.123
    10.37       -9.59      -21.96          10.36       -9.57      -21.93        0.035
   -39.98        0.97      -21.01         -40.01        0.99      -21.00        0.035
   -10.81      -20.09      -44.04         -10.80      -20.10      -44.06        0.015
   -17.78      -25.83      -42.42         -17.78      -25.84      -42.43        0.008
   -39.96      -11.17      -34.60         -39.95      -11.16      -34.61        0.011
    27.66       -4.01       16.05          27.66       -4.02       16.06        0.010
    18.19        9.02      -27.14          18.26        9.10      -27.09        0.114
    13.88       -5.30       61.82          13.84       -5.24       61.75        0.101
    -2.45       -6.98      -34.36          -2.44       -6.97      -34.36        0.006
    16.23       27.03       -3.96          16.23       27.02       -3.96        0.008
   -21.21        3.61      -43.43         -21.21        3.62      -43.44        0.010
    36.40        9.65      -14.49          36.29        9.60      -14.47        0.121
    -1.70      -21.00      -33.13          -1.76      -20.98      -33.10        0.075
     4.67       -7.42       56.80           4.67       -7.40       56.80        0.019
    25.83        7.64       32.14          25.77        7.64       32.12        0.069
    18.50       20.71       35.63          18.56       20.78       35.63        0.099
    14.02      -12.29        4.51          14.05      -12.43        4.62        0.182
   -19.52      -13.61       -4.93         -19.51      -13.61       -4.95        0.019
     3.67       -8.61       22.94           3.66       -8.56       22.94        0.055
     0.56      -16.83       -7.40           0.56      -16.83       -7.40        0.008
     7.05       -5.81      -23.10           7.03       -5.82      -23.06        0.040
    16.84       -3.96       51.52          16.89       -4.03       51.53        0.088
    13.10      -17.27       -6.79          13.06      -17.38       -6.80        0.115
    -6.88        3.80       52.15          -6.85        3.80       52.15        0.028
     6.56       19.65       59.72           6.53       19.74       59.72        0.092
    15.94       -5.30       38.43          15.96       -5.42       38.44        0.123
    19.02       16.54       50.80          19.06       16.57       50.80        0.049
    -9.07       22.29       34.63          -9.06       22.26       34.61        0.030
    22.71      -13.99       -4.61          22.73      -14.03       -4.58        0.050
    33.39       -6.37      -18.28          33.32       -6.32      -18.26        0.088
    23.35        2.25       41.17          23.33        2.26       41.16        0.018
     2.65       -6.85      -26.02           2.61       -6.86      -25.97        0.062
   -12.17       18.73       35.59         -12.19       18.74       35.61        0.031
    25.40       -7.16      -24.93          25.41       -7.19      -24.98        0.056
    -8.15        8.15      -11.45          -8.15        8.13      -11.45        0.021
    17.22       26.25        7.02          17.24       26.30        7.03        0.052
   -29.04        7.47      -36.83         -29.04        7.47      -36.83        0.001
    24.15        1.02       34.80          24.20        1.00       34.81        0.054
    -4.16       13.51       57.86          -4.29       13.60       57.87        0.153
   -11.38      -29.28      -33.92         -11.36      -29.32      -33.93        0.040
   -28.85       10.12      -21.61         -28.85       10.12      -21.62        0.002
    -4.67       -0.97      -36.90          -4.69       -0.98      -36.90        0.021
    32.22       -5.93      -22.70          32.13       -5.86      -22.62        0.135
    -3.07        5.14      -23.11          -3.11        5.04      -23.03        0.132
    10.35       24.12       -6.10          10.34       24.13       -6.11        0.018
    26.01        0.63      -29.20          26.01        0.64      -29.19        0.016
   -11.94        5.43      -39.35         -11.87        5.51      -39.42        0.132
   -34.35      -18.72      -10.02         -34.30      -18.69      -10.07        0.072
   -26.62        8.89      -35.82         -26.63        8.93      -35.85        0.055
   -15.06        2.43        0.96         -15.09        2.44        0.97        0.033
     0.35        6.54      -19.16           0.36        6.58      -19.20        0.050
    21.88        7.48       55.34          21.90        7.49       55.34        0.018
   -19.32      -30.64      -36.34         -19.32      -30.64      -36.34        0.002
   -10.61        9.70       31.38         -10.61        9.70       31.38        0.003
   -13.96       12.69       20.11         -14.10       12.59       20.03        0.193
    14.48       27.10        1.76          14.51       27.34        1.72        0.240
    22.99       24.50      -19.42          22.98       24.46      -19.41        0.047
     4.72       -4.65      -23.97           4.73       -4.64      -23.98        0.012
    14.21       20.87      -29.64          14.21       20.86      -29.63        0.014
     0.91        8.81      -14.77           0.92        8.70      -14.72        0.125
     0.41      -10.92       11.51           0.41      -11.06       11.53        0.139
    17.73       17.37       53.61          17.82       17.44       53.63        0.114
   -30.14      -26.38      -13.63         -30.14      -26.38      -13.63        0.007
    10.20       22.39       31.29          10.20       22.44       31.30        0.047
    31.64       11.50       14.60          31.54       11.46       14.54        0.123
   -15.99       18.81       26.04         -16.14       18.84       26.05        0.155
     8.25        1.08       63.22           8.26        1.08       63.27        0.054
     2.12       -7.10       57.84           2.11       -7.20       57.83        0.103
    13.82       11.04       63.14          13.82       11.04       63.14        0.005
     2.38       18.36       58.10           2.39       18.32       58.10        0.044
    12.05       25.50       -6.79          12.07       25.45       -6.77        0.058
    -2.80       -7.70      -39.37          -2.80       -7.70      -39.37        0.007
    33.05        7.70      -24.38          33.08        7.70      -24.39        0.033
   -39.14      -13.92      -13.17         -39.10      -13.92      -13.20        0.046
   -35.87      -27.10      -26.55         -35.81      -27.03      -26.55        0.090
    16.05       21.45       36.95          16.07       21.54       36.96        0.102
    18.90       26.30       -7.57          18.90       26.22       -7.56        0.076
    22.66       25.72       -1.97          22.60       25.57       -1.99        0.163
    -9.63       24.46       22.65          -9.66       24.58       22.61        0.124
    22.81       -5.40       20.31          22.73       -5.25       20.27        0.173
   -36.58      -25.75      -30.33         -36.59      -25.75      -30.33        0.011
    17.37       25.99       -9.91          17.37       26.02       -9.92        0.028
   -39.76      -18.21      -34.19         -39.84      -18.23      -34.21        0.084
    15.13      -14.47      -16.04          15.12      -14.51      -16.08        0.061
    13.92       -2.29       63.19          13.92       -2.29       63.09        0.101
    26.05      -11.53       -2.52          26.04      -11.46       -2.55        0.082
    -9.35      -28.87      -29.15          -9.25      -29.00      -29.17        0.164
   -14.10      -11.35      -48.20         -14.09      -11.35      -48.24        0.047
   -37.47      -13.99      -42.32         -37.43      -13.97      -42.30        0.042
    -0.99       -9.48      -32.13          -1.07       -9.52      -32.10        0.092
     3.50        8.18       63.45           3.50        8.18       63.42        0.036
     7.83       -7.87       21.10           7.82       -7.83       21.10        0.040
   -13.05        2.99        8.24         -13.19        3.03        8.25        0.147
   -31.13      -29.14      -19.56         -31.19      -29.25      -19.51        0.137
    26.47      -13.16      -16.15          26.48      -13.18      -16.16        0.020
    11.63       -9.95       10.82          11.67      -10.13       10.90        0.203
   -25.24      -28.21      -13.65         -25.25      -28.29      -13.59        0.106
    20.06       -2.20       42.57          20.23       -2.38       42.59        0.252
    11.29       21.33      -12.32          11.31       21.33      -12.31        0.018
    14.56       -6.37       27.26          14.56       -6.29       27.26        0.077
   -11.20       22.16       18.91         -11.20       22.15       18.92        0.014
   -21.21      -22.49       -7.91         -21.22      -22.45       -7.98        0.078
    16.46      -14.61       -0.85          16.43      -14.55       -0.90        0.087
   -21.28      -20.22       -6.75         -21.28      -20.21       -6.76        0.009
    -4.48       13.74       53.22          -4.48       13.74       53.22        0.000
   -22.10        5.15      -13.92         -22.11        5.17      -13.90        0.025
    37.61        2.77        9.39          37.57        2.77        9.36        0.051
     0.75       18.31        5.04           0.72       18.32        5.02        0.034
    34.55        5.25      -21.93          34.50        5.25      -21.90        0.057
    13.88       -6.03       39.10          13.85       -5.95       39.11        0.080
    29.50        5.66       21.17          29.38        5.68       21.12        0.133
    14.54      -16.62       -3.40          14.55      -16.64       -3.39        0.025
   -33.35        8.28      -25.15         -33.33        8.25      -25.15        0.032
    19.59       21.65      -27.81          19.56       21.62      -27.74        0.085
   -13.49        1.93        8.38         -13.46        1.93        8.37        0.022
     4.58       -7.02       42.66           4.58       -7.00       42.66        0.022
    16.20       22.08      -28.91          16.23       22.14      -28.96        0.078
    -5.99       -0.40       51.02          -5.82       -0.34       51.03        0.179
    -0.40      -20.78      -20.38          -0.45      -20.74      -20.39        0.066
     8.93       -6.65       49.29           8.98       -6.85       49.27        0.198
    31.63       13.13       13.36          31.68       13.15       13.39        0.065
     0.54        3.21      -22.96           0.50        3.18      -22.93        0.057
    27.43       22.62      -14.93          27.45       22.65      -14.93        0.030
   -17.31       -7.63       -0.85         -17.33       -7.64       -0.83        0.022
   -13.18        5.10       -0.33         -13.05        4.97       -0.34        0.186
   -32.22       -4.62       -9.52         -32.22       -4.62       -9.51        0.003
    17.89       22.97       22.71          17.83       22.77       22.69        0.206
     2.00       -3.29      -25.12           2.07       -3.25      -25.17        0.093
     2.50      -17.51      -19.74           2.63      -17.68      -19.77        0.221
