200   PA234_Student_Data/PA4-B-Debug-Output.txt
    -7.21       19.78       14.30          -7.21       19.77       14.30        0.004
    -5.70       -3.94       32.97          -5.70       -3.94       32.97        0.002
    -1.23       -6.00       43.39          -1.23       -6.00       43.39        0.001
   -26.48        3.64      -13.67         -26.48        3.64      -13.67        0.002
   -32.66        1.62      -13.11         -32.66        1.62      -13.11        0.002
    19.56        5.13       62.48          19.56        5.13       62.48        0.000
     0.20       -9.44       20.99           0.20       -9.44       20.99        0.004
    10.15       25.18       13.66          10.15       25.18       13.66        0.002
    36.48        4.31      -16.28          36.48        4.31      -16.28        0.002
    -0.61      -20.41      -18.48          -0.61      -20.41      -18.48        0.000
    39.95        7.05       -4.15          39.95        7.05       -4.15        0.000
     7.75       -3.73      -22.58           7.75       -3.73      -22.58        0.002
    11.30      -13.09        4.60          11.30      -13.09        4.60        0.001
    31.49       15.02       12.54          31.48       15.02       12.54        0.004
     0.56        8.91       63.39           0.56        8.91       63.39        0.003
     7.47       24.13        0.98           7.47       24.12        0.98        0.005
    -0.70       -1.60      -26.74          -0.70       -1.60      -26.74        0.001
   -17.36      -14.27       -4.80         -17.36      -14.27       -4.80        0.001
    32.35        7.32      -25.72          32.35        7.32      -25.72        0.000
    -7.45       -8.10       11.82          -7.45       -8.11       11.82        0.003
   -11.56        6.14        4.04         -11.56        6.14        4.04        0.003
   -36.37      -26.33      -28.22         -36.36      -26.33      -28.22        0.003
   -21.22      -32.72      -26.29         -21.22      -32.71      -26.29        0.004
   -12.09      -25.25      -41.07         -12.09      -25.25      -41.07        0.001
    31.02       -7.41      -22.14          31.02       -7.41      -22.14        0.001
   -35.78       -3.73      -11.29         -35.78       -3.74      -11.29        0.001
   -25.41      -11.84      -48.46         -25.41      -11.84      -48.46        0.001
    -7.13        6.01       49.50          -7.13        6.01       49.50        0.003
   -22.99        6.22      -41.18         -22.99        6.21      -41.18        0.003
   -12.05       10.88       16.34         -12.05       10.88       16.34        0.000
   -21.53        5.00      -42.28         -21.53        5.00      -42.28        0.003
    -5.01       -2.32       60.57          -5.01       -2.32       60.57        0.004
     0.78      -16.57      -27.97           0.78      -16.57      -27.97        0.002
    21.32       15.59       41.83          21.32       15.59       41.83        0.003
    -3.24      -15.49       -3.92          -3.23      -15.50       -3.92        0.003
     8.41      -13.28        3.81           8.41      -13.27        3.81        0.003
    -1.10      -20.04      -33.08          -1.09      -20.05      -33.08        0.003
     4.61      -12.25        8.10           4.61      -12.25        8.10        0.000
    23.31      -14.02       -5.44          23.31      -14.02       -5.44        0.000
   -38.49       -9.64      -11.44         -38.48       -9.64      -11.44        0.003
   -28.58        9.04      -33.52         -28.58        9.04      -33.52        0.002
   -39.75      -10.72      -38.62         -39.75      -10.72      -38.62        0.000
   -15.23        5.32      -10.67         -15.23        5.32      -10.67        0.000
   -16.18       18.10       27.73         -16.18       18.10       27.73        0.005
   -33.38      -27.88      -19.84         -33.38      -27.88      -19.84        0.001
   -12.39      -25.24      -41.26         -12.39      -25.24      -41.26        0.001
    23.49       12.47      -30.74          23.49       12.46      -30.73        0.003
    25.85        1.92      -29.73          25.85        1.92      -29.73        0.001
   -24.10      -25.79      -41.89         -24.10      -25.79      -41.90        0.004
    20.08       25.53      -15.40          20.08       25.54      -15.40        0.004
    -3.93       -2.15      -35.76          -3.93       -2.15      -35.76        0.003
    30.48       16.54       12.45          30.48       16.54       12.45        0.001
     3.23        8.15       63.42           3.23        8.15       63.42        0.000
   -20.88        7.41      -39.54         -20.88        7.41      -39.54        0.001
    35.71       14.48       -4.04          35.70       14.48       -4.04        0.004
    11.57       18.21       62.77          11.57       18.21       62.77        0.002
   -28.25      -31.67      -24.72         -28.25      -31.67      -24.72        0.002
   -25.39      -31.97      -31.49         -25.39      -31.96      -31.49        0.003
    -4.83       -2.56       49.31          -4.83       -2.56       49.31        0.002
   -34.90      -26.76      -33.10         -34.90      -26.75      -33.10        0.003
   -33.72      -26.11      -16.53         -33.72      -26.11      -16.53        0.000
    13.24       -7.02       21.99          13.24       -7.02       21.99        0.000
    -3.41       20.99       37.97          -3.40       20.98       37.97        0.004
    13.87       -7.94       15.65          13.87       -7.93       15.65        0.002
   -10.56      -23.66      -11.90         -10.56      -23.66      -11.90        0.001
   -34.66      -20.99      -40.96         -34.66      -20.99      -40.96        0.001
   -19.04      -23.54       -9.04         -19.04      -23.54       -9.04        0.002
    18.09        0.33       62.41          18.09        0.33       62.41        0.003
   -37.13      -24.71      -20.01         -37.13      -24.71      -20.01        0.001
    -6.46      -18.81       -8.87          -6.46      -18.82       -8.87        0.003
   -30.76        6.59      -37.03         -30.76        6.58      -37.03        0.002
     3.15       18.44       60.49           3.15       18.44       60.49        0.002
   -24.70       -1.50      -47.17         -24.70       -1.50      -47.17        0.001
   -39.49       -8.27      -39.94         -39.49       -8.27      -39.94        0.000
     4.27       19.98        0.45           4.26       19.98        0.45        0.002
   -18.30       11.56      -32.00         -18.30       11.57      -32.00        0.003
   -14.63       13.19       30.96         -14.63       13.19       30.96        0.002
   -30.20        6.91      -15.61         -30.20        6.91      -15.61        0.002
    -0.16      -15.78       -5.14          -0.16      -15.77       -5.14        0.003
    -8.65      -26.26      -16.59          -8.65      -26.26      -16.59        0.001
   -32.03      -22.76      -10.86         -32.03      -22.76      -10.86        0.001
     0.96       -9.36      -28.33           0.96       -9.36      -28.33        0.001
   -15.32       11.15      -29.73         -15.32       11.14      -29.73        0.003
    -6.59       -4.73      -42.59          -6.59       -4.74      -42.58        0.005
    10.87       19.72       61.11          10.87       19.72       61.11        0.003
   -34.71       -3.35      -10.91         -34.71       -3.35      -10.91        0.001
    -6.98        4.88       55.79          -6.97        4.88       55.79        0.002
    28.93       -7.85        6.37          28.93       -7.85        6.37        0.007
    25.76       -7.23      -24.87          25.77       -7.23      -24.87        0.003
   -34.30        5.37      -17.21         -34.31        5.38      -17.21        0.002
    26.49       -2.63      -27.45          26.49       -2.63      -27.45        0.000
     2.86       22.09        7.25           2.86       22.09        7.25        0.001
     0.92       22.05       10.86           0.92       22.05       10.86        0.005
    21.99        7.86       54.26          21.99        7.86       54.26        0.000
    -6.28      -18.49      -41.83          -6.28      -18.49      -41.83        0.001
    15.46       -4.88       51.83          15.46       -4.88       51.83        0.000
   -42.91       -7.72      -19.33         -42.91       -7.72      -19.33        0.002
     8.74       22.42       -6.03           8.74       22.41       -6.03        0.004
     1.98        2.99      -21.80           1.98        2.99      -21.80        0.002
    -8.60      -16.11       -4.98          -8.60      -16.10       -4.99        0.004
    21.29       18.29       33.09          21.30       18.29       33.09        0.001
   -12.69       23.55       23.08         -12.69       23.55       23.08        0.004
   -13.45        6.52      -11.59         -13.45        6.52      -11.59        0.004
   -11.06        8.55       24.63         -11.06        8.55       24.63        0.000
     7.42       -7.26       62.62           7.42       -7.27       62.62        0.005
    -3.01      -10.70        9.89          -3.01      -10.71        9.89        0.004
   -43.16      -13.37      -26.79         -43.16      -13.37      -26.79        0.000
    13.39        2.77      -19.53          13.39        2.77      -19.53        0.000
    35.16       -2.34      -19.24          35.16       -2.34      -19.24        0.001
   -31.53      -25.09      -39.99         -31.53      -25.10      -39.99        0.004
    -8.65        8.15      -13.93          -8.65        8.16      -13.93        0.001
    -2.90       -4.81      -36.99          -2.91       -4.81      -36.99        0.003
     3.16       -7.76       27.81           3.16       -7.75       27.81        0.003
   -21.16      -27.70      -40.61         -21.16      -27.70      -40.61        0.001
     0.42       16.58        3.28           0.42       16.58        3.28        0.000
    16.25       21.81       35.90          16.25       21.81       35.90        0.002
    29.26       10.52       19.64          29.26       10.52       19.64        0.002
    15.16        0.28      -21.47          15.16        0.28      -21.47        0.000
    -4.73       12.77       59.52          -4.73       12.77       59.52        0.001
     6.73       20.10       -4.94           6.73       20.10       -4.94        0.001
    28.91       -5.23      -25.78          28.91       -5.24      -25.78        0.001
   -30.08        7.13      -36.63         -30.08        7.14      -36.63        0.003
   -15.13      -14.46      -48.18         -15.13      -14.46      -48.18        0.002
   -33.81      -28.02      -31.61         -33.81      -28.02      -31.61        0.003
    30.88       -8.31       -7.09          30.88       -8.31       -7.09        0.001
   -10.84        7.03      -10.13         -10.84        7.03      -10.13        0.002
   -11.18       -8.42      -47.18         -11.18       -8.42      -47.18        0.002
     7.70       -6.97      -22.71           7.70       -6.96      -22.71        0.002
    -0.88      -12.10        4.68          -0.88      -12.10        4.68        0.001
     5.29      -10.37      -23.81           5.29      -10.37      -23.81        0.000
   -30.48      -30.43      -23.27         -30.48      -30.42      -23.27        0.003
    -3.60      -21.30      -35.95          -3.60      -21.30      -35.95        0.002
    27.78        8.29       24.78          27.78        8.29       24.78        0.002
    23.42        3.92      -29.70          23.42        3.92      -29.70        0.001
    18.17        9.16       63.10          18.17        9.16       63.10        0.001
     2.46       18.23       59.49           2.47       18.23       59.49        0.004
   -43.84      -10.57      -23.63         -43.84      -10.57      -23.63        0.001
    15.73       21.22       41.38          15.73       21.22       41.38        0.001
     1.79       -7.19       34.11           1.79       -7.18       34.11        0.005
   -10.32       17.88       37.68         -10.32       17.88       37.68        0.000
    28.16        1.12      -29.53          28.16        1.12      -29.53        0.000
   -24.90      -32.34      -30.48         -24.90      -32.35      -30.48        0.004
    21.57        1.62       49.81          21.57        1.62       49.81        0.002
   -28.30      -18.37      -46.52         -28.30      -18.37      -46.52        0.000
   -29.73      -12.74       -6.12         -29.73      -12.74       -6.12        0.001
   -29.66      -22.28      -43.93         -29.66      -22.28      -43.93        0.001
    29.82       -8.98        0.49          29.82       -8.97        0.49        0.003
    27.99       -0.18       21.43          27.99       -0.18       21.43        0.001
    31.22        0.70       16.51          31.22        0.70       16.51        0.001
   -29.55      -17.24       -7.49         -29.55      -17.24       -7.49        0.001
    -0.57       23.90       20.05          -0.57       23.90       20.05        0.002
    26.66       21.21       11.65          26.66       21.21       11.65        0.001
    23.48       -2.86       27.42          23.48       -2.86       27.42        0.001
     5.80       -6.14       63.14           5.80       -6.14       63.14        0.001
   -26.84      -31.65      -31.73         -26.84      -31.65      -31.73        0.000
   -38.42       -7.46      -11.59         -38.41       -7.47      -11.59        0.002
   -14.55      -30.51      -34.21         -14.55      -30.50      -34.21        0.003
     7.13        5.48      -17.11           7.13        5.48      -17.11        0.003
    -8.83       23.63       19.68          -8.83       23.63       19.68        0.000
     8.47      -16.10       -6.76           8.47      -16.09       -6.76        0.003
     4.27      -17.32      -16.78           4.28      -17.33      -16.78        0.006
    28.14        0.59      -29.27          28.14        0.59      -29.27        0.001
    30.16       17.54      -21.63          30.16       17.54      -21.63        0.003
    36.87       13.11       -0.33          36.87       13.11       -0.33        0.002
     8.66       25.97        4.62           8.66       25.98        4.62        0.003
    -7.98       15.43       12.86          -7.98       15.43       12.86        0.001
   -34.35       -2.84      -10.42         -34.35       -2.84      -10.42        0.000
    18.19       -4.06       43.47          18.19       -4.06       43.47        0.001
    -9.13      -10.68        3.30          -9.13      -10.68        3.30        0.002
   -26.90      -31.33      -32.92         -26.90      -31.32      -32.92        0.004
   -38.70        2.06      -32.83         -38.70        2.06      -32.83        0.001
    24.38       -0.53       31.03          24.38       -0.53       31.03        0.002
    12.34       17.57      -28.85          12.34       17.57      -28.85        0.001
    12.38       -6.25       42.97          12.38       -6.25       42.97        0.002
     0.02      -12.27      -32.05           0.02      -12.27      -32.05        0.001
    23.15       13.02      -30.34          23.15       13.02      -30.34        0.002
    22.61       24.33        7.39          22.61       24.32        7.39        0.003
    12.32       20.59      -24.65          12.32       20.59      -24.65        0.001
    19.29       -5.72       24.73          19.29       -5.73       24.73        0.002
    21.99        2.17       48.44          21.99        2.18       48.44        0.003
    19.12       12.05       62.76          19.12       12.05       62.76        0.003
     0.87       22.09       11.27           0.87       22.09       11.27        0.003
    -1.86      -14.75      -37.63          -1.86      -14.75      -37.63        0.001
    19.32       21.58       26.46          19.32       21.58       26.46        0.001
   -23.05        5.79      -14.56         -23.05        5.79      -14.56        0.000
   -13.82      -18.74      -45.99         -13.82      -18.74      -45.99        0.001
   -39.77       -9.36      -39.15         -39.77       -9.36      -39.15        0.000
     2.69       -8.86       22.54           2.69       -8.86       22.54        0.004
     0.74        7.76       63.44           0.74        7.76       63.44        0.000
    34.58       -5.74      -12.55          34.59       -5.74      -12.55        0.002
    28.92       10.49       20.41          28.92       10.50       20.41        0.003
    28.84       -7.37        7.69          28.84       -7.37        7.69        0.001
     2.83      -12.36      -25.71           2.83      -12.36      -25.71        0.001
   -20.15      -32.09      -33.28         -20.15      -32.09      -33.28        0.001
   -11.90        9.35      -18.95         -11.90        9.34      -18.95        0.003
   -35.44        0.58      -13.29         -35.45        0.58      -13.29        0.003
   -35.66      -26.76      -22.49         -35.67      -26.76      -22.49        0.002
    25.94       -2.04      -27.68          25.94       -2.04      -27.69        0.006
   -31.98        9.06      -26.26         -31.98        9.07      -26.26        0.001
    -5.49       -9.25       13.15          -5.49       -9.26       13.15        0.003
