200   PA234_Student_Data/PA4-G-Unknown-Output.txt
    20.06        0.11       55.56          20.06        0.11       55.56        0.002
    21.65       23.60       12.03          21.65       23.61       12.03        0.010
    25.28        4.62      -30.05          25.28        4.63      -30.04        0.005
    14.45       -7.21      -22.04          14.45       -7.21      -22.04        0.000
    29.98        4.52       19.58          29.98        4.52       19.58        0.000
    10.78       22.25      -10.65          10.77       22.25      -10.65        0.010
    -9.29       -3.74       17.11          -9.29       -3.74       17.11        0.003
    13.45      -17.24       -8.56          13.45      -17.23       -8.56        0.008
    -8.51      -17.61       -6.76          -8.51      -17.61       -6.76        0.001
    -5.45       14.62        8.68          -5.44       14.61        8.68        0.011
    -6.54        2.14       48.19          -6.54        2.14       48.19        0.006
    21.45       13.22       49.39          21.45       13.22       49.39        0.002
    -5.57       21.29       37.13          -5.57       21.28       37.13        0.007
    12.49       26.26       -4.46          12.49       26.25       -4.45        0.010
    24.36      -11.91       -2.81          24.36      -11.91       -2.81        0.001
     9.58       23.77       -5.50           9.58       23.76       -5.49        0.003
     3.51       21.09        3.39           3.52       21.09        3.39        0.001
    31.48       -3.97      -24.98          31.48       -3.97      -24.98        0.002
     6.82      -11.32       10.73           6.81      -11.31       10.73        0.008
   -18.38       10.19      -19.70         -18.38       10.20      -19.70        0.003
   -20.47      -20.59       -6.97         -20.47      -20.59       -6.97        0.004
    38.03        1.28      -13.41          38.03        1.28      -13.41        0.001
    -7.32        6.60       38.26          -7.32        6.60       38.26        0.003
   -20.27       11.29      -20.17         -20.27       11.29      -20.18        0.005
    24.72       24.28       -6.69          24.72       24.27       -6.69        0.002
    17.96       25.43      -15.87          17.96       25.43      -15.87        0.002
   -30.06      -19.84      -45.46         -30.06      -19.84      -45.46        0.002
   -18.37      -31.96      -32.44         -18.37      -31.97      -32.44        0.001
    23.79       -8.24        6.40          23.79       -8.24        6.40        0.003
    -9.66      -28.64      -20.91          -9.66      -28.65      -20.91        0.002
    18.39        5.17       62.78          18.39        5.17       62.79        0.002
    21.54      -13.59       -3.22          21.54      -13.59       -3.22        0.002
    17.42       -6.84       18.63          17.42       -6.84       18.63        0.000
    -8.14        6.27      -29.80          -8.14        6.27      -29.80        0.001
    35.48        7.00      -19.44          35.48        7.00      -19.45        0.002
    27.51        3.82       25.92          27.51        3.82       25.92        0.008
   -11.08        2.36       17.02         -11.08        2.36       17.02        0.004
   -35.96        2.27      -14.95         -35.96        2.27      -14.95        0.003
   -26.52      -11.07      -48.33         -26.52      -11.07      -48.33        0.000
     6.99       -6.91       48.72           6.99       -6.90       48.72        0.008
   -32.96        6.95      -33.44         -32.96        6.94      -33.44        0.000
   -15.63      -17.37      -47.18         -15.63      -17.37      -47.18        0.002
    -0.32       -0.66      -25.61          -0.32       -0.65      -25.62        0.004
    28.11       -0.62       20.80          28.11       -0.62       20.80        0.005
   -30.49      -30.10      -21.32         -30.49      -30.10      -21.32        0.006
    29.12      -10.10      -20.28          29.12      -10.10      -20.28        0.006
     3.87       18.96       56.15           3.87       18.97       56.15        0.007
    12.98       24.71       -9.63          12.97       24.71       -9.63        0.002
    34.02        1.54       13.33          34.02        1.54       13.33        0.002
    10.82       26.47        6.05          10.82       26.47        6.05        0.002
    -8.27       14.08       39.73          -8.27       14.08       39.73        0.006
    18.05       -7.60       14.00          18.05       -7.60       14.00        0.001
     6.78       -2.49       63.38           6.78       -2.49       63.38        0.001
    31.12       18.36      -18.18          31.11       18.35      -18.18        0.006
    34.87       -4.25        7.84          34.87       -4.25        7.84        0.000
    -5.38       -2.16       41.85          -5.38       -2.16       41.85        0.006
   -13.91       22.59       23.47         -13.91       22.59       23.47        0.001
   -15.85       18.81       23.49         -15.85       18.81       23.49        0.000
   -27.69       11.11      -25.13         -27.69       11.11      -25.13        0.004
    -6.95        7.06       50.26          -6.94        7.06       50.26        0.005
    32.10       18.88        1.31          32.10       18.89        1.31        0.007
    17.75       -4.80       37.49          17.75       -4.79       37.49        0.006
    26.91       22.49      -18.65          26.91       22.50      -18.65        0.002
    39.72        6.74       -5.80          39.73        6.74       -5.80        0.003
    -9.00        8.52      -19.09          -9.00        8.52      -19.09        0.005
    -6.04       15.75       11.13          -6.04       15.75       11.13        0.004
   -15.27      -27.29      -40.19         -15.27      -27.29      -40.19        0.005
   -35.25      -25.34      -35.24         -35.25      -25.34      -35.24        0.001
    28.76       -7.32        7.85          28.76       -7.33        7.85        0.005
    -0.30       -5.19      -28.56          -0.29       -5.19      -28.57        0.007
   -18.58       -2.25       -2.43         -18.58       -2.25       -2.43        0.001
   -15.13       12.75       24.35         -15.13       12.75       24.35        0.002
    -5.45      -12.86        1.34          -5.45      -12.86        1.34        0.002
     4.51       19.68       49.84           4.52       19.67       49.84        0.009
    -8.45        4.03       28.08          -8.45        4.03       28.08        0.001
    30.79        2.96      -27.69          30.79        2.96      -27.70        0.004
    14.25       -6.96       21.27          14.24       -6.96       21.27        0.003
    -1.90       -5.39       62.83          -1.90       -5.39       62.83        0.001
    29.21        0.26      -28.34          29.21        0.26      -28.34        0.000
    38.61        5.87      -10.66          38.61        5.87      -10.66        0.003
     2.77       19.43       47.71           2.76       19.44       47.72        0.013
     0.86       22.28       11.77           0.85       22.28       11.77        0.007
   -35.48      -26.57      -31.96         -35.48      -26.57      -31.96        0.002
     1.23      -10.79      -28.18           1.23      -10.79      -28.18        0.002
    -3.81       23.04       33.04          -3.81       23.04       33.04        0.000
    19.70      -13.51      -18.16          19.70      -13.51      -18.17        0.006
     0.01        9.61      -11.66           0.01        9.60      -11.66        0.005
   -10.80      -25.77      -14.21         -10.80      -25.77      -14.22        0.002
    -8.04       -5.84       17.57          -8.04       -5.84       17.57        0.000
    31.55       15.30      -21.60          31.55       15.30      -21.61        0.004
    10.32       21.15       46.03          10.32       21.15       46.03        0.001
    35.22       14.98       -4.13          35.22       14.98       -4.13        0.004
    24.40       17.20       24.66          24.40       17.20       24.67        0.008
    -6.28        0.54       41.29          -6.28        0.54       41.29        0.004
    12.19       -6.20       38.41          12.19       -6.21       38.41        0.003
     1.75       -8.81       24.03           1.75       -8.81       24.03        0.007
   -34.75       -7.78       -8.65         -34.75       -7.78       -8.65        0.001
   -37.34      -24.79      -20.82         -37.34      -24.79      -20.82        0.000
    -4.35       13.65        6.18          -4.36       13.65        6.18        0.006
   -15.51        8.66      -17.15         -15.51        8.66      -17.15        0.000
    11.97       -6.29       60.37          11.97       -6.29       60.37        0.001
    18.67       -6.43       19.54          18.67       -6.43       19.54        0.004
    25.99      -11.39       -2.31          25.99      -11.39       -2.31        0.004
    24.30      -12.56       -3.62          24.30      -12.56       -3.61        0.004
    20.51       16.43      -30.57          20.51       16.43      -30.57        0.002
    19.74       25.62      -14.85          19.74       25.62      -14.85        0.004
   -30.92        6.81      -15.90         -30.92        6.81      -15.90        0.002
   -37.94      -17.53      -13.07         -37.94      -17.53      -13.07        0.000
   -34.22        5.85      -18.61         -34.22        5.85      -18.61        0.002
    -3.84      -16.86      -39.77          -3.83      -16.86      -39.77        0.003
     1.30      -13.89      -27.50           1.30      -13.89      -27.50        0.001
    26.93        3.46       27.63          26.92        3.46       27.62        0.011
    40.59        4.34       -4.74          40.58        4.34       -4.74        0.005
    -7.17       14.83       11.50          -7.17       14.84       11.49        0.001
    -6.79        3.61       50.48          -6.78        3.61       50.48        0.009
   -28.54      -26.60      -12.47         -28.54      -26.60      -12.47        0.002
    -6.08       -9.83        9.38          -6.08       -9.84        9.39        0.008
    32.86       17.80      -12.16          32.85       17.79      -12.16        0.003
    -3.79       -4.86       38.54          -3.79       -4.86       38.54        0.001
     0.43       17.04        3.86           0.43       17.05        3.86        0.004
    11.31       -6.31       49.11          11.31       -6.33       49.11        0.016
   -36.47       -0.55      -13.65         -36.47       -0.55      -13.65        0.001
   -37.29      -14.27      -42.36         -37.29      -14.27      -42.36        0.002
    -8.80      -22.18      -11.05          -8.80      -22.19      -11.04        0.007
    16.56       19.68      -30.36          16.56       19.68      -30.36        0.003
     7.66       21.28       38.77           7.66       21.29       38.77        0.006
    -5.56       23.55       32.89          -5.56       23.56       32.89        0.002
    18.32       20.91       36.54          18.32       20.91       36.54        0.007
   -34.57       -3.14      -43.28         -34.57       -3.14      -43.28        0.001
   -25.67       -1.75      -46.95         -25.67       -1.75      -46.95        0.002
    17.22       -7.17      -22.29          17.22       -7.17      -22.29        0.000
    -9.99        6.38      -35.96          -9.99        6.38      -35.96        0.001
     3.85       23.07        7.90           3.84       23.07        7.90        0.003
     1.73      -18.55      -22.45           1.74      -18.56      -22.45        0.007
   -24.76      -30.00      -36.61         -24.77      -30.00      -36.61        0.002
     4.83       10.52      -11.55           4.83       10.52      -11.55        0.006
    -3.24       15.51       50.86          -3.25       15.52       50.86        0.003
    26.28       -5.26       14.43          26.28       -5.26       14.43        0.000
    29.62       -9.64       -9.51          29.62       -9.64       -9.51        0.002
   -20.90      -32.22      -21.95         -20.90      -32.22      -21.95        0.002
   -15.92      -23.51      -43.89         -15.92      -23.51      -43.89        0.000
   -20.19        5.64      -14.23         -20.19        5.64      -14.23        0.003
    25.95      -12.56       -5.38          25.95      -12.56       -5.38        0.006
    14.79       -4.73       59.07          14.80       -4.73       59.07        0.004
    -1.30       22.87       32.32          -1.30       22.86       32.31        0.007
    25.85       -6.29       12.21          25.85       -6.29       12.21        0.002
   -26.80      -14.31      -47.83         -26.80      -14.31      -47.83        0.001
    25.80       23.78        1.68          25.80       23.78        1.68        0.000
    -6.58        1.97       39.73          -6.59        1.96       39.73        0.007
    -9.23      -27.50      -35.07          -9.23      -27.50      -35.07        0.004
    39.05        0.81       -4.99          39.05        0.81       -4.99        0.002
    18.25      -10.50        5.55          18.25      -10.50        5.55        0.001
    20.28        0.33      -24.65          20.28        0.33      -24.65        0.000
    13.26       21.47      -26.18          13.26       21.47      -26.18        0.000
    28.99       12.41       18.61          28.99       12.41       18.61        0.002
    -3.09       -3.74      -32.16          -3.09       -3.74      -32.16        0.002
    37.94        9.60       -9.07          37.94        9.60       -9.07        0.000
     7.04       24.02       20.40           7.04       24.02       20.40        0.006
   -15.43      -17.54      -47.12         -15.43      -17.54      -47.12        0.000
   -12.96      -23.74      -10.69         -12.96      -23.74      -10.69        0.002
   -42.75      -16.42      -24.34         -42.75      -16.42      -24.34        0.004
   -41.33      -14.70      -29.97         -41.33      -14.70      -29.97        0.005
    -6.44       10.77       47.50          -6.44       10.77       47.50        0.006
    24.97        8.70       35.09          24.96        8.70       35.09        0.013
   -13.35        0.41      -44.84         -13.35        0.41      -44.84        0.003
   -13.23      -25.30      -11.70         -13.23      -25.31      -11.69        0.006
     3.11       12.06       -7.54           3.11       12.06       -7.54        0.000
    11.90       17.07      -23.96          11.90       17.07      -23.96        0.002
    13.05       11.51       63.10          13.05       11.51       63.10        0.001
   -20.14      -13.10       -4.80         -20.14      -13.09       -4.80        0.001
    11.09       22.16       34.18          11.09       22.16       34.18        0.008
    -6.71        2.34       37.51          -6.71        2.34       37.51        0.000
    30.86       18.94      -17.83          30.86       18.94      -17.83        0.003
     6.30       20.19       -3.90           6.30       20.18       -3.90        0.001
   -31.55      -23.92      -41.19         -31.55      -23.92      -41.19        0.001
    -7.67       15.12       12.30          -7.67       15.11       12.30        0.003
    -2.81       15.88        7.16          -2.81       15.88        7.16        0.005
    24.43        4.26       37.44          24.43        4.26       37.44        0.003
    12.27       22.35       33.59          12.27       22.35       33.59        0.002
    -3.58       -4.56       44.83          -3.58       -4.56       44.83        0.004
   -28.34      -18.12      -46.56         -28.34      -18.12      -46.56        0.001
    19.32      -15.18       -3.65          19.32      -15.18       -3.66        0.002
   -19.44      -29.74      -15.30         -19.44      -29.74      -15.30        0.005
    -7.73      -17.28       -6.32          -7.73      -17.28       -6.31        0.003
    -8.53      -27.14      -34.92          -8.53      -27.13      -34.92        0.006
    -9.22        3.39       24.62          -9.23        3.39       24.62        0.001
    -0.88       -6.95       34.43          -0.88       -6.95       34.43        0.004
    -3.97      -21.87      -15.02          -3.97      -21.87      -15.02        0.000
    18.26       -5.92       25.13          18.26       -5.93       25.13        0.006
    14.04       13.25      -14.88          14.04       13.25      -14.88        0.004
    14.33       -7.67      -21.94          14.33       -7.67      -21.94        0.000
    -7.49        3.64       32.22          -7.48        3.64       32.22        0.008
   -10.61      -22.36      -10.77         -10.61      -22.36      -10.76        0.002
   -29.62      -27.50      -38.29         -29.62      -27.49      -38.29        0.003
   -15.96       18.74       23.85         -15.97       18.74       23.84        0.007
    -0.01       19.44       44.50          -0.01       19.44       44.50        0.002
   -13.07        1.62        9.47         -13.07        1.62        9.46        0.002
    27.01       -0.53       23.65          27.01       -0.53       23.65        0.003
   -11.55       11.17       15.58         -11.55       11.17       15.58        0.003
    -6.40        8.31      -15.52          -6.40        8.31      -15.52        0.003
