200   PA234_Student_Data/PA4-C-Debug-Output.txt
     3.41       19.49       48.66           3.41       19.49       48.66        0.000
    22.43        0.49       40.34          22.43        0.49       40.34        0.004
    -7.71        7.78      -21.20          -7.71        7.77      -21.20        0.002
    28.64        9.46       21.94          28.63        9.46       21.94        0.000
     7.65       -5.77       63.42           7.65       -5.77       63.42        0.001
   -10.23      -29.96      -26.29         -10.23      -29.95      -26.29        0.007
    22.29       19.86       24.73          22.29       19.86       24.73        0.001
    14.93      -14.16        0.86          14.93      -14.17        0.86        0.003
    15.32       25.38       12.13          15.32       25.37       12.13        0.004
   -38.42       -3.40      -39.45         -38.42       -3.40      -39.45        0.001
    -4.18      -25.87      -24.77          -4.18      -25.87      -24.77        0.003
    -8.13      -26.79      -35.10          -8.13      -26.79      -35.10        0.001
    23.86       17.83       24.92          23.86       17.83       24.92        0.002
   -12.89      -16.13       -5.08         -12.89      -16.13       -5.08        0.001
   -14.05      -28.38      -38.04         -14.05      -28.38      -38.04        0.000
     1.21      -11.72      -28.21           1.21      -11.72      -28.21        0.001
    17.89       18.03       49.15          17.89       18.03       49.15        0.001
    13.42       -9.72       10.93          13.42       -9.72       10.93        0.001
    33.53       16.72       -2.58          33.53       16.72       -2.58        0.002
   -31.23      -25.64      -13.59         -31.23      -25.64      -13.59        0.003
    18.66       15.09      -31.20          18.66       15.09      -31.20        0.001
    37.01        9.41        8.35          37.01        9.41        8.35        0.000
     8.23       20.64       53.68           8.23       20.64       53.68        0.000
    -7.35      -21.02      -41.24          -7.35      -21.02      -41.24        0.003
   -26.51      -18.13       -7.08         -26.51      -18.13       -7.08        0.001
    -0.80      -14.34      -35.50          -0.80      -14.34      -35.50        0.001
    10.97       -9.47       13.00          10.97       -9.47       13.00        0.000
    14.25       26.13       10.20          14.25       26.13       10.20        0.001
     8.28       23.00       -4.37           8.28       23.00       -4.37        0.002
     7.27        0.58       63.37           7.27        0.58       63.37        0.001
     4.27       23.58       23.52           4.27       23.57       23.52        0.004
   -39.91       -0.54      -17.72         -39.91       -0.54      -17.72        0.001
   -21.47      -11.22      -49.20         -21.47      -11.22      -49.20        0.002
    11.79       -7.10       22.75          11.79       -7.11       22.75        0.003
    -4.33       18.36       42.47          -4.34       18.36       42.47        0.003
     6.33      -15.01      -19.09           6.33      -15.01      -19.09        0.005
    20.91        3.92      -27.78          20.91        3.92      -27.78        0.003
   -18.41      -20.77       -7.35         -18.41      -20.77       -7.35        0.001
     6.42       -6.96       49.03           6.42       -6.96       49.03        0.001
    -0.88       19.82        8.97          -0.88       19.83        8.97        0.003
   -14.70      -23.59      -43.61         -14.70      -23.59      -43.61        0.002
     5.58       22.04       32.43           5.58       22.04       32.43        0.002
    27.23       22.30        7.69          27.23       22.30        7.69        0.000
    14.78       27.32        2.17          14.78       27.31        2.17        0.002
    27.32      -11.34       -7.45          27.32      -11.34       -7.45        0.003
   -39.80        1.93      -29.82         -39.80        1.93      -29.82        0.000
    18.16      -16.68      -13.35          18.16      -16.68      -13.35        0.004
   -32.28      -29.16      -30.59         -32.28      -29.16      -30.59        0.000
    -7.11       11.73       42.56          -7.11       11.73       42.56        0.001
   -26.79      -11.26      -48.29         -26.79      -11.26      -48.29        0.000
    -3.66       -3.96       50.98          -3.66       -3.97       50.98        0.005
     0.82      -16.37      -27.97           0.82      -16.37      -27.97        0.005
    -4.59      -25.47      -29.48          -4.59      -25.47      -29.48        0.001
    -2.85       -4.81       56.59          -2.85       -4.81       56.59        0.002
   -33.73      -14.50      -45.69         -33.73      -14.50      -45.69        0.000
    -9.35      -10.36      -46.53          -9.35      -10.36      -46.53        0.000
    -8.84      -20.44       -9.38          -8.84      -20.44       -9.38        0.000
    26.12       23.87       -2.95          26.12       23.86       -2.95        0.004
   -28.22      -31.31      -30.47         -28.22      -31.31      -30.47        0.002
    -2.64       -5.04       59.71          -2.64       -5.04       59.71        0.000
    33.47       15.33      -16.34          33.47       15.33      -16.34        0.000
    35.87        6.57       10.78          35.87        6.57       10.78        0.003
    11.27       23.83       22.04          11.27       23.84       22.04        0.005
     3.65      -12.18        6.35           3.65      -12.18        6.35        0.004
    36.30       11.54      -12.55          36.30       11.54      -12.55        0.001
     7.66      -16.03      -15.00           7.66      -16.04      -15.00        0.003
    11.57        8.51      -14.13          11.57        8.51      -14.13        0.003
   -13.06      -27.86      -38.45         -13.06      -27.86      -38.45        0.002
    36.31       13.99        0.24          36.31       13.99        0.24        0.001
    -9.20      -27.48      -35.08          -9.20      -27.48      -35.08        0.001
     2.36      -11.28       11.31           2.36      -11.28       11.31        0.002
   -11.54        4.07       17.10         -11.55        4.07       17.10        0.005
   -40.12      -10.73      -36.76         -40.12      -10.73      -36.76        0.005
     7.18        2.07       63.31           7.18        2.07       63.31        0.001
   -10.67       24.30       28.66         -10.67       24.30       28.66        0.003
    34.53        4.66      -21.89          34.53        4.66      -21.89        0.003
    17.42        7.28      -24.67          17.43        7.28      -24.67        0.002
   -25.98      -32.20      -28.93         -25.98      -32.20      -28.93        0.005
     5.48       19.47       56.54           5.48       19.47       56.54        0.000
    19.30      -11.24      -20.39          19.30      -11.24      -20.39        0.001
    27.31       22.83      -10.55          27.31       22.83      -10.55        0.000
    -4.06        0.15      -30.16          -4.06        0.15      -30.16        0.002
    -0.14       17.25       57.56          -0.14       17.25       57.56        0.002
    -5.15        8.82      -10.64          -5.15        8.83      -10.65        0.005
    18.85       -8.49       10.07          18.85       -8.49       10.07        0.000
    -7.78      -18.63       -7.67          -7.78      -18.63       -7.67        0.001
   -21.87       12.22      -28.51         -21.87       12.22      -28.51        0.005
     6.05      -14.54      -20.53           6.05      -14.54      -20.53        0.002
   -13.40       14.19       17.85         -13.40       14.19       17.85        0.000
    13.68       24.90       15.04          13.68       24.90       15.04        0.001
    -2.31      -14.83      -38.39          -2.31      -14.83      -38.39        0.004
   -19.09      -32.64      -28.37         -19.09      -32.64      -28.37        0.002
    23.88       11.30       37.98          23.89       11.30       37.98        0.005
    34.40        0.65       12.70          34.41        0.65       12.70        0.000
   -24.71        2.54      -44.21         -24.72        2.54      -44.21        0.003
    23.92      -10.98       -0.72          23.92      -10.99       -0.71        0.003
    37.63       -1.48        6.59          37.64       -1.48        6.59        0.002
    20.75       -8.75      -23.14          20.75       -8.75      -23.14        0.002
   -27.92      -31.21      -31.66         -27.92      -31.21      -31.66        0.002
    22.19      -13.83       -3.96          22.19      -13.82       -3.96        0.006
   -29.01      -21.97      -44.45         -29.01      -21.96      -44.45        0.000
    30.61       -8.49        0.17          30.61       -8.49        0.17        0.000
    29.74       21.16       -1.71          29.74       21.15       -1.71        0.004
    24.89       19.94       17.06          24.90       19.94       17.06        0.003
   -19.33      -18.83       -6.54         -19.33      -18.83       -6.54        0.001
   -20.67      -24.20      -44.43         -20.67      -24.20      -44.43        0.002
    29.33       21.04      -17.56          29.32       21.04      -17.56        0.003
   -11.65      -28.51      -17.40         -11.65      -28.51      -17.40        0.001
    -1.09      -21.74      -23.50          -1.08      -21.74      -23.50        0.004
    17.01      -17.61       -8.52          17.01      -17.61       -8.52        0.002
   -10.50        7.95      -13.29         -10.50        7.95      -13.29        0.001
    35.07       13.82        8.76          35.07       13.82        8.76        0.004
   -16.91      -17.88      -47.19         -16.91      -17.88      -47.19        0.001
   -29.13      -27.39      -13.91         -29.13      -27.39      -13.91        0.006
    22.62       18.11       28.22          22.62       18.11       28.22        0.005
    19.08        7.26      -26.79          19.08        7.26      -26.79        0.001
    -5.03       -2.34       61.58          -5.03       -2.34       61.58        0.001
    20.29      -12.11        0.25          20.29      -12.10        0.25        0.003
    11.93      -15.99       -2.01          11.93      -15.99       -2.01        0.003
    29.76       19.67      -19.82          29.76       19.67      -19.82        0.003
     4.92       23.31       25.53           4.91       23.30       25.53        0.003
     4.41       21.10        1.30           4.41       21.10        1.30        0.001
     8.73       -7.10       55.71           8.73       -7.09       55.71        0.003
    18.01      -14.99      -16.42          18.01      -14.99      -16.42        0.003
   -28.24      -17.72       -7.29         -28.24      -17.72       -7.29        0.002
    27.82        4.43       25.17          27.81        4.43       25.17        0.001
    -3.49       -9.06       20.69          -3.49       -9.06       20.69        0.003
    31.94        8.72       15.55          31.94        8.72       15.55        0.001
    -5.06        2.81       62.98          -5.06        2.81       62.98        0.000
   -32.58        7.30      -19.08         -32.58        7.30      -19.08        0.001
    18.02       -0.31       61.99          18.02       -0.31       61.99        0.000
    -8.90       10.41        8.70          -8.90       10.41        8.70        0.001
   -12.07      -16.51       -5.58         -12.07      -16.51       -5.58        0.002
    31.08       16.46       11.69          31.07       16.46       11.69        0.002
    -1.45       21.37       37.54          -1.45       21.37       37.54        0.002
     7.90       24.30       18.91           7.90       24.30       18.91        0.001
    13.94       17.18      -30.29          13.94       17.18      -30.29        0.000
    13.53       -5.98       45.44          13.53       -5.98       45.44        0.000
    33.93       17.01        4.03          33.93       17.01        4.03        0.001
    -3.16       -4.93       44.65          -3.16       -4.93       44.65        0.001
     5.18       -7.28       32.29           5.18       -7.27       32.29        0.006
    -4.20       22.62       34.44          -4.20       22.62       34.44        0.003
     8.17       22.00       33.71           8.17       22.00       33.71        0.003
     4.67      -17.18      -15.97           4.67      -17.17      -15.97        0.002
   -39.45      -13.70      -13.65         -39.45      -13.70      -13.65        0.000
     0.99       11.47       63.29           0.99       11.47       63.29        0.002
    12.13       25.45       -6.87          12.13       25.45       -6.87        0.001
    -0.14        8.23      -16.10          -0.14        8.22      -16.10        0.003
   -35.92       -8.51      -43.96         -35.92       -8.51      -43.97        0.002
    30.07       20.62      -16.03          30.07       20.62      -16.03        0.000
     0.66       -9.98      -28.96           0.66       -9.98      -28.96        0.001
     8.69       20.60       -7.95           8.69       20.60       -7.95        0.004
   -40.04      -11.24      -37.19         -40.04      -11.24      -37.19        0.004
    19.35       17.80       42.94          19.36       17.81       42.94        0.007
    25.48        4.62      -30.01          25.48        4.62      -30.01        0.002
    25.30       -6.74       11.09          25.30       -6.74       11.09        0.005
   -32.34      -25.23      -39.11         -32.34      -25.23      -39.11        0.002
    15.97       22.26       30.80          15.97       22.26       30.80        0.000
   -37.23      -25.46      -28.30         -37.23      -25.46      -28.30        0.002
   -40.28        1.43      -23.81         -40.28        1.43      -23.81        0.002
     6.62       -3.58       63.40           6.62       -3.58       63.40        0.000
     1.38      -10.91      -27.83           1.38      -10.91      -27.83        0.000
    -6.23       10.93       48.22          -6.23       10.93       48.22        0.002
   -11.60      -19.84      -45.04         -11.60      -19.84      -45.04        0.004
   -10.96       -6.13        8.84         -10.96       -6.13        8.84        0.002
   -25.11        4.43      -13.91         -25.11        4.43      -13.91        0.002
    24.58       15.59       26.61          24.58       15.59       26.61        0.001
    37.85       10.54       -7.19          37.85       10.54       -7.19        0.001
    -0.10       -6.59       38.26          -0.10       -6.59       38.26        0.002
   -30.66      -26.15      -13.87         -30.66      -26.15      -13.87        0.004
   -23.97        9.07      -17.72         -23.97        9.08      -17.72        0.004
   -25.13       -1.25      -46.92         -25.13       -1.25      -46.92        0.001
    39.87        2.76       -1.09          39.87        2.76       -1.09        0.000
   -22.06      -10.65      -48.94         -22.06      -10.64      -48.94        0.001
     3.07      -16.46      -22.28           3.07      -16.46      -22.28        0.004
    -2.75       20.25       39.96          -2.75       20.24       39.96        0.001
    23.78        1.61       37.43          23.78        1.61       37.43        0.001
    -6.62       11.29       44.56          -6.61       11.29       44.56        0.000
    -0.64      -18.37      -33.91          -0.64      -18.37      -33.91        0.000
    25.41       13.89      -28.80          25.41       13.90      -28.81        0.003
    18.98      -17.26       -9.04          18.98      -17.27       -9.04        0.004
    15.59      -17.29       -5.97          15.59      -17.30       -5.97        0.006
   -36.93      -25.77      -28.18         -36.93      -25.77      -28.18        0.004
    -0.09      -19.92      -26.42          -0.09      -19.92      -26.42        0.003
    30.02       -9.12       -1.40          30.02       -9.12       -1.40        0.000
    -4.61       -5.13      -40.52          -4.61       -5.13      -40.53        0.002
    23.61       24.71       -8.25          23.61       24.71       -8.25        0.000
    23.11       12.21       41.68          23.11       12.21       41.68        0.001
    36.87       13.05        6.68          36.87       13.05        6.68        0.002
    31.02       19.74        5.38          31.02       19.74        5.37        0.001
   -34.38       -1.10      -42.45         -34.38       -1.10      -42.45        0.002
    30.01       13.89       15.44          30.01       13.89       15.44        0.002
   -17.57      -32.35      -29.34         -17.57      -32.35      -29.34        0.002
     7.70       18.43       -7.31           7.70       18.43       -7.31        0.001
    -6.19      -25.38      -33.95          -6.19      -25.38      -33.95        0.001
    22.02       -0.66      -26.05          22.02       -0.66      -26.05        0.000
     0.82       -9.03       23.49           0.82       -9.03       23.49        0.003
    22.23       11.41       48.63          22.23       11.41       48.63        0.003
     3.84       19.72       47.46           3.84       19.71       47.46        0.002
    -0.11       17.08       59.02          -0.11       17.08       59.02        0.000
