200   PA234_Student_Data/PA4-D-Debug-Output.txt
   -24.19      -31.61      -19.23         -24.19      -31.61      -19.23        0.003
   -15.11      -18.06       -6.30         -15.11      -18.06       -6.30        0.003
    18.17       26.47        4.66          18.16       26.46        4.66        0.009
    -7.83      -26.48      -17.93          -7.83      -26.49      -17.93        0.002
   -27.00      -11.91       -6.39         -27.00      -11.91       -6.39        0.001
    20.55       22.61       18.13          20.55       22.62       18.13        0.011
   -10.91      -12.79       -0.78         -10.91      -12.79       -0.79        0.003
    15.36       26.95       -3.74          15.36       26.95       -3.74        0.006
   -11.54      -13.91       -2.54         -11.54      -13.91       -2.54        0.002
   -34.36        1.95      -39.79         -34.36        1.95      -39.79        0.006
    27.66       -1.77       20.24          27.65       -1.76       20.23        0.014
    -2.69       18.21        9.40          -2.69       18.22        9.40        0.003
    -9.07       17.52       38.90          -9.07       17.53       38.91        0.008
   -34.64       -2.46      -10.90         -34.64       -2.46      -10.90        0.002
   -12.86      -23.42      -10.40         -12.86      -23.42      -10.40        0.000
    -7.27       11.93       42.11          -7.27       11.93       42.11        0.008
    14.67       21.84       40.26          14.67       21.84       40.26        0.001
   -16.83       -1.06        0.73         -16.82       -1.06        0.73        0.002
    19.87       -5.87      -23.90          19.87       -5.87      -23.90        0.004
    25.81       -6.08       12.59          25.81       -6.09       12.60        0.007
     2.28        8.72      -14.77           2.28        8.73      -14.77        0.006
   -25.97        0.45      -12.26         -25.97        0.45      -12.26        0.002
    -1.39       17.10       52.02          -1.39       17.10       52.02        0.001
     4.75       -6.09       63.10           4.74       -6.09       63.10        0.006
    -8.87      -20.50      -43.10          -8.86      -20.50      -43.10        0.003
    14.75       25.29       12.72          14.75       25.28       12.72        0.008
    13.18       11.47      -13.72          13.19       11.47      -13.72        0.004
    -6.88        5.00       47.92          -6.87        5.00       47.92        0.008
     1.00      -12.22        4.52           1.00      -12.23        4.52        0.002
   -11.90      -26.94      -38.87         -11.90      -26.94      -38.87        0.007
    -6.19       -8.91       12.94          -6.18       -8.90       12.94        0.008
    16.16       26.93        3.67          16.16       26.92        3.67        0.010
    -4.38       -2.06       63.01          -4.38       -2.06       63.00        0.003
    36.40       -0.89        9.94          36.40       -0.89        9.94        0.009
     4.87       -7.69       26.82           4.87       -7.68       26.82        0.002
    13.51       23.85      -12.61          13.51       23.86      -12.61        0.004
     0.23       17.21        4.25           0.23       17.21        4.25        0.006
    -8.53        4.08       27.85          -8.53        4.08       27.85        0.003
    -0.70        8.39      -15.79          -0.70        8.38      -15.79        0.008
   -30.95      -27.42      -37.25         -30.95      -27.42      -37.25        0.001
    21.70       -5.67       19.90          21.70       -5.68       19.90        0.010
    -7.60       -5.73       20.55          -7.60       -5.73       20.55        0.005
    27.05       -9.67        1.82          27.05       -9.68        1.82        0.004
    -6.61       18.82       13.28          -6.61       18.82       13.28        0.003
    35.40       -4.15        6.12          35.40       -4.15        6.12        0.002
     6.00      -14.90      -20.05           6.00      -14.90      -20.04        0.003
    13.18      -14.61        1.52          13.18      -14.61        1.52        0.002
     1.98       -8.08       27.35           1.98       -8.07       27.35        0.011
    13.69       24.59      -10.85          13.69       24.59      -10.85        0.000
   -14.05      -30.77      -21.28         -14.04      -30.77      -21.28        0.001
     7.26       18.03       -6.69           7.26       18.03       -6.69        0.002
    39.07        2.17        6.59          39.07        2.17        6.60        0.001
   -37.74      -11.42      -42.36         -37.74      -11.42      -42.36        0.001
   -16.31        4.15      -43.08         -16.31        4.14      -43.08        0.003
    17.59       25.57      -12.86          17.59       25.58      -12.86        0.004
   -18.37      -25.87      -10.76         -18.37      -25.87      -10.76        0.006
   -22.72      -25.72      -10.28         -22.72      -25.72      -10.28        0.006
   -12.76      -15.63       -4.52         -12.76      -15.63       -4.51        0.001
    33.25       -6.19      -18.90          33.24       -6.18      -18.90        0.008
    -6.89        4.41       51.03          -6.88        4.41       51.03        0.003
    14.52       19.97      -30.24          14.52       19.97      -30.25        0.002
   -25.82       11.25      -22.56         -25.82       11.25      -22.56        0.004
   -36.11        2.50      -37.41         -36.11        2.50      -37.40        0.006
   -39.01        0.56      -34.64         -39.02        0.56      -34.64        0.005
    -2.77       16.88        8.30          -2.77       16.88        8.30        0.000
   -35.54      -18.92      -11.10         -35.54      -18.92      -11.09        0.001
    -0.68        9.73      -10.86          -0.68        9.73      -10.86        0.005
    27.62      -10.51      -21.09          27.61      -10.50      -21.09        0.004
    25.18      -11.05       -1.25          25.18      -11.06       -1.25        0.003
   -42.65       -4.04      -30.45         -42.64       -4.04      -30.45        0.006
    -8.76      -20.30      -43.17          -8.76      -20.30      -43.17        0.002
    25.70       23.62      -12.96          25.70       23.62      -12.96        0.001
     7.70       24.61        2.01           7.71       24.61        2.01        0.004
    -7.85        5.88      -30.60          -7.85        5.88      -30.60        0.002
   -39.09       -1.86      -37.42         -39.09       -1.86      -37.42        0.001
     0.28       -1.75      -26.03           0.28       -1.75      -26.03        0.001
    21.02      -16.84       -9.95          21.02      -16.84       -9.95        0.004
    15.91        9.69      -20.75          15.91        9.70      -20.75        0.005
   -38.50      -10.58      -11.63         -38.50      -10.58      -11.63        0.002
    31.66        0.07       15.61          31.66        0.07       15.61        0.001
   -12.42        4.45       11.84         -12.42        4.45       11.84        0.001
    32.63       -6.27        6.87          32.63       -6.27        6.87        0.001
   -14.55       20.88       21.73         -14.55       20.88       21.73        0.003
    -1.89       12.14       -2.05          -1.89       12.13       -2.05        0.002
    -4.82      -26.01      -28.57          -4.83      -26.01      -28.57        0.005
   -28.65        0.45      -44.28         -28.65        0.45      -44.28        0.004
   -34.44      -11.79      -45.85         -34.45      -11.79      -45.85        0.004
    29.48       14.76       15.36          29.48       14.76       15.36        0.001
   -39.06      -11.99      -40.46         -39.06      -11.99      -40.46        0.001
   -22.46      -25.73      -10.23         -22.46      -25.73      -10.23        0.000
   -14.13      -14.83      -47.88         -14.13      -14.83      -47.88        0.002
   -14.61        1.53      -44.56         -14.61        1.53      -44.56        0.004
    19.77      -10.24        4.37          19.77      -10.24        4.37        0.002
     6.84       -5.70       63.42           6.84       -5.70       63.42        0.003
    31.28       11.39       15.12          31.28       11.39       15.12        0.001
    -6.66       -5.31       24.85          -6.66       -5.31       24.85        0.002
    -9.23      -27.68      -18.14          -9.23      -27.69      -18.13        0.001
   -39.49        2.11      -30.40         -39.50        2.11      -30.40        0.003
   -10.13       12.16       13.68         -10.13       12.16       13.68        0.003
    13.99      -16.39      -11.58          14.00      -16.38      -11.58        0.008
    -6.75        9.78        1.53          -6.75        9.78        1.53        0.006
   -25.60      -15.04       -6.49         -25.60      -15.04       -6.49        0.000
    35.70       -2.85       -1.54          35.70       -2.85       -1.54        0.003
    -8.25        7.42       33.70          -8.25        7.42       33.70        0.001
     1.57        0.69       63.44           1.57        0.69       63.44        0.000
   -39.86      -15.86      -34.61         -39.86      -15.86      -34.61        0.003
    -7.81        7.86      -21.51          -7.81        7.86      -21.51        0.001
    21.66       12.46       49.88          21.66       12.46       49.88        0.002
    21.46       18.15       32.87          21.45       18.15       32.87        0.011
   -14.06       22.02       22.29         -14.06       22.02       22.29        0.001
   -26.38       11.64      -25.85         -26.38       11.64      -25.85        0.002
    18.60       21.01       33.20          18.60       21.02       33.20        0.004
    -8.51      -13.27      -45.28          -8.51      -13.27      -45.29        0.003
    30.65        0.19       17.14          30.65        0.19       17.14        0.001
    -0.14       -0.25      -25.13          -0.13       -0.24      -25.13        0.003
    -9.14        5.94      -35.33          -9.14        5.94      -35.33        0.004
    36.60       13.25        6.87          36.60       13.25        6.87        0.001
    -3.37       -9.55       17.47          -3.37       -9.55       17.47        0.002
   -41.32       -2.55      -18.05         -41.32       -2.55      -18.05        0.002
    22.81        8.90      -30.23          22.81        8.90      -30.23        0.002
   -17.71      -31.83      -32.45         -17.71      -31.83      -32.45        0.000
   -26.61      -13.93       -6.31         -26.61      -13.93       -6.31        0.001
     1.85       18.30       56.75           1.85       18.29       56.75        0.009
    23.30       15.37      -29.07          23.30       15.37      -29.07        0.000
    -9.20       -1.82       20.07          -9.20       -1.82       20.07        0.001
   -33.43        1.36      -41.06         -33.43        1.36      -41.06        0.001
    15.31       -4.57       57.39          15.30       -4.56       57.39        0.007
    22.09       16.98       33.13          22.09       16.97       33.13        0.003
     8.07       21.41       39.19           8.08       21.39       39.19        0.018
   -17.86      -27.06      -12.13         -17.86      -27.06      -12.13        0.003
     6.88       -9.16       17.12           6.87       -9.15       17.12        0.005
    21.76        3.98       53.22          21.75        3.98       53.22        0.001
     8.20      -13.19      -19.83           8.20      -13.19      -19.83        0.001
   -22.94        7.57      -39.69         -22.94        7.57      -39.69        0.007
   -38.64       -0.82      -37.36         -38.64       -0.82      -37.36        0.002
    -3.44       -4.09       59.38          -3.45       -4.10       59.38        0.009
    10.53       -6.36       37.08          10.53       -6.36       37.08        0.000
   -32.82        3.85      -38.80         -32.82        3.86      -38.80        0.002
    -9.31       22.29       34.44          -9.31       22.30       34.45        0.009
    27.81      -12.31      -16.16          27.81      -12.32      -16.16        0.001
   -40.17      -20.66      -31.27         -40.18      -20.67      -31.27        0.006
    12.58      -13.53      -16.91          12.58      -13.53      -16.91        0.001
   -14.94       -3.83        4.30         -14.94       -3.83        4.31        0.004
     1.80       19.57       45.74           1.80       19.57       45.74        0.000
    14.64       -5.95       31.76          14.64       -5.94       31.76        0.007
   -32.17       -9.40      -46.70         -32.17       -9.40      -46.70        0.001
    28.41      -11.45      -18.45          28.40      -11.44      -18.45        0.012
    30.62       20.51       -1.14          30.62       20.51       -1.14        0.003
    38.51        5.49        7.85          38.51        5.49        7.86        0.007
    16.75       24.20      -25.87          16.75       24.20      -25.86        0.004
    16.92      -12.01        3.89          16.93      -12.02        3.90        0.008
   -18.44       10.35      -36.06         -18.44       10.35      -36.05        0.004
    11.55      -16.31       -3.31          11.55      -16.31       -3.31        0.000
    34.28        3.01       13.01          34.29        3.01       13.01        0.003
   -35.03      -15.93      -44.10         -35.03      -15.93      -44.10        0.003
    -6.85      -24.92      -16.89          -6.85      -24.92      -16.89        0.002
    -9.44       15.22       13.78          -9.45       15.22       13.78        0.007
    22.28       -8.85      -23.89          22.28       -8.85      -23.89        0.001
    24.40       -4.07       21.36          24.40       -4.07       21.36        0.002
    23.30       11.91       40.65          23.31       11.91       40.65        0.005
   -22.80       10.48      -35.09         -22.80       10.48      -35.09        0.000
   -42.89      -16.57      -26.29         -42.89      -16.57      -26.29        0.001
     5.08       21.80       33.51           5.08       21.81       33.51        0.001
   -15.08       10.76      -31.03         -15.08       10.76      -31.03        0.001
    12.92      -17.03       -4.66          12.92      -17.03       -4.66        0.002
     1.40      -17.77      -24.31           1.40      -17.77      -24.31        0.001
    12.03       -6.87       24.54          12.03       -6.87       24.54        0.001
    28.71       -2.67      -26.67          28.71       -2.68      -26.68        0.003
    24.10       16.80       26.12          24.10       16.80       26.12        0.001
   -39.65      -18.72      -16.41         -39.65      -18.72      -16.41        0.003
   -42.85       -3.08      -26.48         -42.85       -3.08      -26.48        0.005
    12.61       25.64       -7.06          12.61       25.64       -7.06        0.000
     9.39       -6.72       30.42           9.39       -6.73       30.42        0.002
   -29.64      -28.83      -17.05         -29.64      -28.83      -17.05        0.000
     2.52       18.17       61.36           2.52       18.16       61.36        0.001
    32.18        0.52       15.16          32.17        0.52       15.15        0.007
   -33.62       -7.74       -8.41         -33.62       -7.75       -8.41        0.002
    22.36        9.61       50.93          22.36        9.61       50.93        0.005
    15.50       25.60      -10.22          15.50       25.60      -10.22        0.007
    28.71       20.58        9.85          28.71       20.58        9.85        0.003
   -20.77      -20.66       -7.01         -20.77      -20.66       -7.01        0.001
    -4.00      -20.99      -36.90          -4.00      -20.99      -36.90        0.001
    28.25       -9.65        1.00          28.25       -9.65        1.00        0.008
    10.24        9.69      -12.97          10.24        9.69      -12.97        0.000
   -38.61      -10.47      -11.78         -38.61      -10.47      -11.78        0.003
    18.08      -17.31       -7.86          18.07      -17.31       -7.86        0.004
    11.90       23.30      -11.25          11.90       23.30      -11.25        0.002
   -15.34       -2.26      -47.10         -15.34       -2.26      -47.09        0.002
   -29.42      -17.72      -46.47         -29.42      -17.72      -46.47        0.002
   -28.73      -25.65      -41.19         -28.73      -25.65      -41.19        0.003
   -36.20        2.76      -15.77         -36.20        2.76      -15.77        0.005
    -0.08       17.09       59.18          -0.07       17.09       59.18        0.004
    27.36       22.86       -9.71          27.36       22.86       -9.71        0.001
    -5.51       21.62       36.62          -5.51       21.63       36.63        0.003
   -17.04       -9.44      -48.62         -17.04       -9.44      -48.62        0.002
    26.76       15.65       19.68          26.76       15.65       19.68        0.001
    -2.95       -4.76       61.00          -2.95       -4.76       61.00        0.000
     3.85       -7.12       52.70           3.85       -7.12       52.70        0.001
    17.24       18.93       47.62          17.24       18.93       47.62        0.001
   -14.05      -18.41       -7.00         -14.05      -18.41       -7.00        0.004
