200   PA234_Student_Data/PA4-F-Debug-Output.txt
    20.27       15.76       46.92          20.20       15.71       46.91        0.086
     4.97       -7.40       33.23           4.95       -7.28       33.22        0.118
    11.80       -6.34       60.69          11.80       -6.35       60.69        0.008
    14.14       10.11      -16.09          14.15       10.10      -16.08        0.021
    -3.72       10.95       62.37          -3.74       10.96       62.42        0.059
   -10.32       14.48       14.51         -10.34       14.48       14.50        0.017
    16.09       24.78      -18.23          16.13       24.71      -18.23        0.078
   -12.89      -14.34      -47.29         -12.89      -14.34      -47.29        0.004
   -22.35       -6.24       -4.94         -22.34       -6.25       -4.95        0.018
    17.85       22.93       22.89          17.80       22.77       22.88        0.172
    16.11       24.83      -19.78          16.15       24.75      -19.78        0.092
    30.50       -8.86       -2.11          30.52       -8.89       -2.11        0.033
    32.50        2.34       15.34          32.56        2.34       15.38        0.063
    14.51      -14.35        0.76          14.54      -14.39        0.79        0.059
   -17.08      -15.33       -5.08         -17.08      -15.33       -5.09        0.007
     3.19      -10.73       13.40           3.19      -10.80       13.41        0.065
    27.28      -10.80      -21.00          27.28      -10.80      -20.99        0.008
   -30.04      -19.85      -45.37         -30.07      -19.89      -45.43        0.073
     4.33      -13.83       -0.50           4.35      -13.74       -0.52        0.095
    22.72        7.42       48.28          22.88        7.42       48.30        0.160
     0.61       -7.84      -28.29           0.63       -7.83      -28.30        0.017
   -28.64      -26.23      -12.15         -28.67      -26.28      -12.11        0.067
   -18.28      -31.87      -32.37         -18.26      -31.96      -32.38        0.087
   -11.60        7.98      -15.83         -11.60        8.01      -15.83        0.027
   -20.20      -29.62      -38.49         -20.20      -29.53      -38.44        0.096
   -12.24       -8.16        4.41         -12.26       -8.17        4.42        0.023
    -9.46       14.81       38.33          -9.39       14.82       38.28        0.084
    16.97       14.71       62.82          16.97       14.72       62.84        0.014
     6.49       10.82      -11.43           6.49       10.76      -11.39        0.069
    25.26       15.17      -28.13          25.27       15.18      -28.16        0.030
     4.02      -13.50       -0.49           3.99      -13.66       -0.45        0.161
     4.32      -13.10        2.86           4.34      -12.96        2.83        0.151
   -39.59      -21.93      -20.96         -39.57      -21.92      -20.96        0.019
    17.94       23.78       16.13          17.98       23.92       16.16        0.143
    32.73       -6.25      -20.94          32.68       -6.22      -20.93        0.053
    -6.24        9.57       56.68          -6.35        9.60       56.68        0.116
    21.57       17.33       34.30          21.54       17.31       34.30        0.042
   -14.54      -18.59       -6.95         -14.55      -18.58       -6.95        0.010
    20.07       -6.24       18.83          20.07       -6.25       18.83        0.015
    17.30       26.27        6.97          17.31       26.30        6.97        0.033
    -6.99        7.27       56.97          -6.94        7.26       56.97        0.054
    -4.97       13.48       50.83          -4.96       13.47       50.83        0.006
    25.24      -11.12       -1.16          25.23      -11.03       -1.20        0.107
    14.78       -3.45       62.64          14.73       -3.40       62.55        0.116
    29.69        4.50       20.22          29.67        4.50       20.22        0.021
    26.43      -13.21      -15.90          26.46      -13.24      -15.90        0.043
    20.72       13.38       52.26          20.92       13.45       52.29        0.213
   -25.82       10.71      -31.53         -25.81       10.70      -31.53        0.013
   -24.37      -18.29       -6.40         -24.38      -18.29       -6.39        0.010
     4.23      -13.62       -0.13           4.23      -13.62       -0.13        0.002
   -32.77       -7.45       -8.39         -32.78       -7.44       -8.37        0.027
    15.93        2.54      -21.54          15.91        2.54      -21.61        0.077
    -3.59        1.01      -28.36          -3.55        1.04      -28.40        0.062
   -43.69      -11.46      -23.45         -43.70      -11.46      -23.44        0.010
    26.56       19.91       14.25          26.56       19.90       14.25        0.005
    -6.12        0.49       53.86          -6.14        0.48       53.86        0.024
     0.18       23.84       16.51           0.19       23.77       16.52        0.072
   -26.27      -32.20      -28.09         -26.27      -32.19      -28.09        0.016
    -3.38       24.22       20.94          -3.38       24.12       20.94        0.102
    19.06      -10.23      -21.08          19.03      -10.26      -21.11        0.053
    -1.26       23.26       31.68          -1.30       23.06       31.63        0.201
    15.39      -13.85        1.34          15.36      -13.75        1.29        0.122
    30.92        7.34       17.54          30.98        7.35       17.58        0.077
     0.92       24.21       17.26           0.96       24.01       17.26        0.200
    -8.02        1.69       28.77          -7.88        1.71       28.74        0.139
    11.47      -14.47        1.62          11.47      -14.45        1.61        0.021
    12.71       20.82       53.76          12.71       20.94       53.78        0.115
    -2.57       18.63       44.78          -2.49       18.48       44.72        0.176
     7.77       21.63       35.24           7.76       21.70       35.25        0.070
   -15.32       -8.75        0.44         -15.35       -8.77        0.47        0.044
   -22.13      -32.61      -31.18         -22.13      -32.54      -31.16        0.069
     6.46       -9.57      -23.32           6.47       -9.58      -23.35        0.032
   -24.18        7.87      -38.83         -24.19        7.90      -38.85        0.032
   -32.55      -26.83      -16.27         -32.58      -26.87      -16.23        0.061
    -6.89        6.11       60.30          -7.08        6.13       60.30        0.186
    -7.81       23.58       19.14          -7.79       23.51       19.19        0.095
   -23.89       -1.02      -47.21         -23.89       -1.02      -47.20        0.010
    -8.52       12.83       38.34          -8.69       12.75       38.45        0.216
    25.17       -6.32       12.60          25.16       -6.20       12.53        0.136
   -17.34      -29.09      -15.09         -17.34      -29.07      -15.11        0.028
     1.66       18.34       52.06           1.59       18.58       52.10        0.255
     1.89       18.20        3.27           1.93       18.17        3.29        0.052
    -9.60        5.92       27.03          -9.42        6.00       26.99        0.199
    24.69       -0.40      -28.16          24.69       -0.40      -28.16        0.003
    19.04       -9.16      -22.15          19.04       -9.17      -22.16        0.014
    20.34      -10.93        2.21          20.34      -10.93        2.21        0.002
   -20.95      -13.33       -5.02         -20.93      -13.30       -5.08        0.067
   -26.82       10.95      -29.03         -26.83       11.01      -29.05        0.066
    15.79        9.95      -20.44          15.79        9.95      -20.44        0.006
   -19.46       -3.67      -47.82         -19.48       -3.69      -47.77        0.055
   -38.67      -21.82      -18.04         -38.69      -21.84      -18.02        0.040
     6.34       22.29       -0.92           6.31       22.31       -0.94        0.031
    -9.14       -9.79        5.18          -9.12       -9.76        5.17        0.038
   -34.49        7.51      -27.25         -34.53        7.57      -27.26        0.075
     4.24       18.51       -1.21           4.27       18.49       -1.19        0.038
    -2.85        4.95      -23.14          -2.87        4.90      -23.09        0.073
    -1.65      -22.46      -27.00          -1.63      -22.48      -27.00        0.025
   -11.94      -14.23      -47.09         -11.96      -14.23      -47.04        0.048
     5.21       -5.96      -23.87           5.23       -5.96      -23.92        0.051
    11.20       -7.06       23.29          11.20       -7.10       23.29        0.044
    16.90        7.81      -23.66          16.78        7.80      -23.68        0.123
   -24.08        7.93      -38.80         -24.09        7.94      -38.81        0.022
    -0.64       -9.09       23.60          -0.64       -8.99       23.57        0.107
   -10.26      -27.50      -36.36         -10.26      -27.50      -36.36        0.009
    12.78       18.76       62.49          12.78       18.77       62.53        0.041
    -2.88       15.09       57.60          -2.90       15.10       57.60        0.019
    18.98       -3.56       40.08          18.94       -3.50       40.08        0.075
    -0.29       -2.71      -27.19          -0.33       -2.73      -27.14        0.070
   -41.82       -9.72      -16.92         -41.88       -9.72      -16.90        0.065
    21.87       10.20      -30.70          21.89       10.23      -30.67        0.046
    15.03       -6.72       20.77          15.05       -6.90       20.79        0.181
     9.09      -11.96      -20.56           9.06      -11.94      -20.52        0.055
   -11.47       24.17       27.59         -11.49       24.22       27.59        0.051
    11.15      -16.70       -4.71          11.17      -16.61       -4.73        0.098
    -0.47       16.81       58.77          -0.50       16.86       58.78        0.068
    -4.04        4.16      -25.84          -4.03        4.17      -25.84        0.010
   -22.99       -3.65       -6.80         -22.94       -3.69       -6.86        0.091
    17.94       26.35        6.20          17.93       26.31        6.19        0.038
   -32.81      -22.67      -41.36         -32.80      -22.66      -41.34        0.019
    20.39        3.98       62.14          20.35        3.99       62.12        0.043
    34.05       -4.94       -6.99          34.02       -4.91       -6.99        0.040
    21.99        2.86       50.75          21.96        2.87       50.75        0.035
    -2.22        7.92      -17.76          -2.21        7.88      -17.74        0.054
    -3.69      -13.51       -0.18          -3.69      -13.50       -0.18        0.012
   -38.86        3.59      -26.08         -38.84        3.58      -26.08        0.024
    12.32       16.95       63.10          12.32       16.95       63.10        0.005
    10.93      -12.83      -18.77          10.90      -12.76      -18.71        0.092
    -8.13        1.51      -39.60          -8.08        1.55      -39.64        0.075
    17.97       22.89       22.95          17.92       22.73       22.93        0.168
   -17.65        1.17      -45.70         -17.65        1.11      -45.62        0.099
    18.50       11.06       63.12          18.50       11.06       63.10        0.020
    21.65       -8.70      -23.78          21.67       -8.66      -23.74        0.063
    -0.97       14.35        0.93          -0.91       14.27        0.97        0.107
    22.10       10.30       51.89          22.07       10.30       51.89        0.023
   -29.73        4.40      -40.55         -29.72        4.39      -40.53        0.019
   -41.26      -17.83      -29.84         -41.30      -17.85      -29.86        0.049
    36.68        2.56      -15.80          36.73        2.57      -15.82        0.053
    21.62       14.11      -30.33          21.62       14.11      -30.33        0.006
    19.48      -11.29      -20.42          19.45      -11.33      -20.45        0.060
   -43.04      -12.43      -21.05         -43.10      -12.44      -21.03        0.068
    -1.10      -20.02      -33.01          -1.08      -20.03      -33.01        0.022
   -27.47      -27.45      -12.63         -27.45      -27.42      -12.65        0.039
    28.34       21.88      -13.28          28.41       21.98      -13.28        0.119
    37.97       11.36        6.16          37.99       11.36        6.16        0.015
    -2.89       -9.78       17.62          -2.86       -9.71       17.61        0.076
     0.28       20.38        8.12           0.28       20.38        8.12        0.005
    23.64        3.21       40.61          23.71        3.19       40.62        0.070
   -38.73        0.31      -35.56         -38.76        0.33      -35.57        0.037
    -3.61       13.23       61.99          -3.63       13.24       62.05        0.062
    35.28       13.69        8.45          35.33       13.73        8.48        0.069
    33.15        7.35      -24.35          33.11        7.35      -24.34        0.038
     7.80       18.57       -7.48           7.81       18.57       -7.47        0.014
    15.22        3.47       63.00          15.22        3.47       63.02        0.012
   -13.56      -25.04      -11.26         -13.58      -25.00      -11.31        0.070
   -14.75       12.15       22.28         -14.68       12.20       22.29        0.082
   -21.52       11.86      -30.73         -21.52       11.91      -30.74        0.041
   -19.00      -32.59      -28.85         -18.99      -32.61      -28.85        0.018
    18.84       19.69       39.32          18.76       19.63       39.30        0.108
    11.33       -6.56       28.06          11.34       -6.62       28.06        0.064
   -26.69      -25.75      -10.52         -26.69      -25.73      -10.54        0.027
    19.49       -8.62      -22.85          19.49       -8.62      -22.84        0.006
   -14.57      -25.94      -41.50         -14.57      -25.93      -41.49        0.017
   -15.59      -31.72      -23.31         -15.60      -31.72      -23.31        0.006
    28.88        6.50       21.78          29.04        6.53       21.84        0.178
     2.07       21.94        8.49           2.02       22.02        8.44        0.112
   -27.55      -21.15      -45.69         -27.54      -21.14      -45.68        0.020
     0.79       -6.60       42.44           0.71       -6.78       42.45        0.190
    20.42       14.72       48.24          20.58       14.83       48.26        0.196
   -10.08        9.42      -23.45         -10.18        9.26      -23.42        0.190
    22.32       21.68       18.92          22.28       21.61       18.91        0.077
    12.70       25.16       14.08          12.70       25.20       14.09        0.041
    -6.63        4.18      -30.53          -6.56        4.22      -30.56        0.077
    39.70        3.74        1.88          39.68        3.74        1.88        0.015
     1.41       -6.93       54.22           1.40       -6.94       54.22        0.008
    15.36      -14.55        0.18          15.30      -14.43        0.11        0.153
   -17.54       -7.91       -1.30         -17.56       -7.91       -1.29        0.014
    33.70       -6.81      -12.77          33.70       -6.80      -12.77        0.011
    -7.49      -25.41      -36.34          -7.43      -25.47      -36.38        0.097
    14.38       21.95       36.32          14.38       21.94       36.32        0.009
    21.55       -9.84        3.51          21.55       -9.83        3.51        0.002
    22.34      -15.04      -16.58          22.33      -15.02      -16.57        0.030
    26.04       -4.04       18.00          26.08       -4.13       18.03        0.103
     0.29        9.75      -10.77           0.28        9.84      -10.79        0.091
    13.97        0.95       62.99          13.97        0.95       63.01        0.020
    14.39       -5.88       39.42          14.37       -5.82       39.43        0.066
    29.05        6.75       22.05          28.95        6.74       22.01        0.109
   -27.55       -0.16      -45.28         -27.52       -0.19      -45.24        0.057
     0.52       -3.21      -26.56           0.53       -3.20      -26.56        0.012
    27.32       10.80       24.69          27.26       10.78       24.67        0.068
   -37.30      -17.81      -12.27         -37.29      -17.81      -12.27        0.003
   -33.55      -26.03      -16.35         -33.58      -26.06      -16.32        0.057
    -1.72       13.29        0.17          -1.67       13.22        0.20        0.087
   -10.10      -29.64      -28.60         -10.10      -29.65      -28.60        0.008
     6.23        9.81      -12.69           6.22        9.89      -12.74        0.093
    11.19       22.92       29.05          11.19       22.78       29.02        0.134
    29.92       -1.98       16.63          29.93       -1.99       16.64        0.021
    -8.16      -16.45       -5.34          -8.16      -16.44       -5.35        0.017
    29.20       -7.81      -23.26          29.25       -7.89      -23.30        0.097
   -36.30       -9.16       -8.54         -36.29       -9.16       -8.56        0.023
     1.48      -19.05      -16.19           1.45      -19.00      -16.21        0.062
