200   PA234_Student_Data/PA4-J-Unknown-Output.txt
    -8.48        6.63       30.79          -8.48        6.63       30.79        0.000
    18.34       25.34      -21.45          18.33       25.43      -21.47        0.096
     8.12       -8.42       18.00           8.14       -8.49       18.03        0.080
    11.48       22.85       28.72          11.48       22.84       28.72        0.007
    -6.06        0.84       51.80          -6.23        0.78       51.79        0.188
    12.00       24.88       15.12          12.00       24.90       15.13        0.017
   -36.09      -24.14      -16.98         -36.09      -24.15      -16.97        0.005
   -28.77      -19.93       -7.27         -28.76      -19.92       -7.29        0.025
    -7.83      -12.99       -0.07          -7.83      -13.01       -0.06        0.023
   -20.36        9.04      -18.06         -20.35        9.06      -18.04        0.035
    20.23       25.89       -8.41          20.24       25.92       -8.41        0.035
   -21.50        3.29      -43.73         -21.50        3.31      -43.76        0.035
    37.01       -2.25        7.06          36.99       -2.24        7.06        0.023
   -18.66      -19.87      -46.83         -18.64      -19.91      -46.94        0.115
     0.64       18.76       49.21           0.64       18.77       49.21        0.013
   -42.17       -8.09      -31.18         -42.18       -8.10      -31.19        0.020
    20.03       11.23       62.31          20.21       11.28       62.36        0.199
    29.24        5.72       21.15          29.36        5.71       21.19        0.124
     5.73      -16.75      -13.06           5.69      -16.67      -13.05        0.091
     9.04       -6.50       42.16           9.05       -6.60       42.16        0.105
    21.31        4.61      -28.59          21.30        4.61      -28.60        0.006
    12.01       26.24       -3.73          12.03       26.21       -3.72        0.037
   -16.11       15.67       30.27         -16.01       15.67       30.25        0.101
     0.16       20.33        8.32           0.14       20.36        8.31        0.039
     5.93       23.64        3.87           5.89       23.68        3.85        0.062
     6.51       20.49       47.85           6.52       20.39       47.86        0.099
    -5.14        8.62       62.55          -5.12        8.60       62.50        0.049
   -19.14      -11.61       -3.63         -19.13      -11.59       -3.67        0.048
     9.33       20.83       45.72           9.31       20.90       45.73        0.078
    23.43        9.74       44.23          23.34        9.73       44.22        0.089
   -13.79       -2.95      -46.82         -13.78       -2.95      -46.85        0.029
   -39.90      -15.87      -34.42         -39.87      -15.87      -34.42        0.036
    18.80       25.50      -20.01          18.80       25.47      -20.01        0.028
    -8.35        8.11      -23.98          -8.36        8.10      -23.97        0.019
    15.75       23.44      -27.22          15.76       23.41      -27.20        0.042
    32.56       15.93       10.11          32.60       15.95       10.14        0.048
    -4.16       -0.98      -32.09          -4.24       -1.02      -32.09        0.085
    -4.48       13.82       53.54          -4.44       13.79       53.54        0.050
    26.05       -2.55      -27.40          26.06       -2.53      -27.37        0.037
    20.81       21.45       23.09          20.79       21.41       23.08        0.040
    32.59        6.60      -25.35          32.54        6.61      -25.32        0.062
    29.59       12.79       17.55          29.50       12.77       17.49        0.109
    -4.53      -18.46      -39.62          -4.58      -18.44      -39.59        0.058
    17.58       24.76       11.97          17.63       24.92       12.00        0.165
    25.59       16.62       22.33          25.46       16.55       22.30        0.157
    14.60       23.05       25.26          14.61       23.12       25.27        0.073
   -12.66      -29.41      -35.02         -12.64      -29.47      -35.05        0.078
   -40.12      -17.13      -32.61         -40.14      -17.13      -32.62        0.032
    -9.42      -28.11      -34.37          -9.46      -28.06      -34.34        0.077
     4.40       24.27       12.19           4.38       24.33       12.19        0.067
   -21.83       12.13      -25.42         -21.83       12.14      -25.42        0.011
   -16.58      -27.57      -40.18         -16.57      -27.60      -40.20        0.032
   -27.19      -28.63      -14.81         -27.20      -28.64      -14.81        0.011
   -21.91      -22.02      -45.85         -21.91      -22.03      -45.86        0.014
   -20.07       11.22      -20.16         -20.07       11.22      -20.17        0.006
     4.02      -14.38       -2.17           4.03      -14.30       -2.21        0.085
    -0.89       -6.15      -29.66          -0.86       -6.14      -29.68        0.033
    23.73       13.46       35.63          23.58       13.38       35.59        0.172
     2.34       18.85        3.32           2.33       18.85        3.32        0.005
    34.99        1.52       11.94          35.10        1.50       12.04        0.145
   -40.42        0.68      -22.67         -40.45        0.70      -22.66        0.031
    12.57       22.96       28.59          12.57       22.87       28.57        0.089
   -15.15      -31.40      -31.68         -15.17      -31.34      -31.66        0.067
   -35.83       -3.25      -42.39         -35.82       -3.26      -42.37        0.026
    33.56       -5.37       -7.28          33.56       -5.37       -7.28        0.001
    30.99       20.05       -2.50          30.99       20.05       -2.50        0.002
     3.41       21.70        4.52           3.43       21.69        4.52        0.022
   -17.87       10.47      -35.61         -17.86       10.51      -35.62        0.046
    -6.32        3.40      -31.90          -6.41        3.37      -31.90        0.102
   -13.05       11.09       29.43         -13.03       11.12       29.42        0.033
    -9.46      -26.17      -15.68          -9.45      -26.18      -15.67        0.014
    32.79        4.13       14.96          32.83        4.13       14.98        0.048
     7.45       11.91      -10.20           7.46       11.87      -10.16        0.056
    14.81       -7.64       16.90          14.80       -7.50       16.87        0.137
    20.43       -1.60       44.00          20.60       -1.78       44.05        0.250
    17.13       -3.94       52.02          17.04       -3.85       52.01        0.127
   -11.96       11.18       16.09         -11.90       11.16       16.12        0.068
    -7.35        6.25      -27.43          -7.42        6.15      -27.41        0.121
   -40.52       -3.19      -35.02         -40.56       -3.18      -35.03        0.038
     0.09       -6.32       45.70           0.07       -6.35       45.70        0.039
    18.69       23.10      -26.37          18.69       23.11      -26.38        0.010
    20.30      -16.12      -14.88          20.31      -16.14      -14.89        0.032
   -28.18        6.36      -15.12         -28.18        6.33      -15.16        0.050
   -27.27      -31.65      -31.42         -27.23      -31.55      -31.40        0.103
   -39.47      -22.06      -20.03         -39.39      -22.00      -20.04        0.100
   -25.30       11.34      -29.98         -25.28       11.28      -29.96        0.066
    -0.55      -14.88      -34.94          -0.48      -14.88      -34.96        0.071
    32.41       13.59      -22.01          32.36       13.55      -21.98        0.067
     2.82       18.27       59.33           2.78       18.36       59.34        0.093
     2.82       23.50       26.15           2.82       23.49       26.15        0.011
    -6.82      -22.79      -13.60          -6.81      -22.80      -13.59        0.022
   -30.02        2.29      -42.13         -30.03        2.30      -42.14        0.014
   -10.83        6.13       21.93         -10.77        6.15       21.91        0.067
   -38.38      -12.51      -41.75         -38.26      -12.52      -41.67        0.143
    -5.71      -24.65      -34.43          -5.67      -24.70      -34.45        0.060
    19.00       12.86       62.46          19.00       12.86       62.45        0.007
    -0.55       -7.91       27.87          -0.56       -7.99       27.88        0.080
    -4.72        2.87      -28.02          -4.67        2.91      -28.07        0.091
    26.04       23.44        4.75          26.02       23.40        4.74        0.049
   -28.34       -3.57      -10.00         -28.34       -3.54       -9.96        0.044
    29.93        7.42       19.40          29.97        7.43       19.43        0.049
    13.09        7.70       62.96          13.09        7.70       63.01        0.049
    -6.93        3.65       38.90          -6.84        3.66       38.90        0.088
    26.67       -8.11        7.02          26.66       -7.94        6.96        0.172
    17.95       25.61      -15.34          17.96       25.47      -15.34        0.139
    37.28       -1.47       -3.89          37.26       -1.45       -3.90        0.025
   -22.78      -32.50      -22.75         -22.79      -32.44      -22.76        0.059
    -0.61       20.00        9.14          -0.69       20.08        9.08        0.134
     2.38      -18.24      -17.36           2.39      -18.26      -17.37        0.024
    21.92       -5.05       21.72          22.01       -5.22       21.77        0.191
    -4.76       -3.04       44.67          -4.77       -3.04       44.67        0.010
     0.86      -16.88       -7.41           0.85      -16.81       -7.44        0.088
    26.65       22.73      -18.48          26.66       22.75      -18.49        0.029
     7.46      -10.84      -22.46           7.40      -10.80      -22.35        0.126
    15.66       20.70       46.79          15.66       20.70       46.79        0.001
     6.40       -7.02       40.39           6.38       -6.86       40.39        0.162
    -9.58        7.63      -31.44          -9.50        7.69      -31.45        0.099
   -22.60      -10.83      -49.05         -22.61      -10.82      -49.03        0.025
    -8.96      -23.14      -12.15          -8.96      -23.14      -12.16        0.008
    21.90      -10.48        2.08          21.88      -10.42        2.04        0.071
    29.51        0.19       18.74          29.50        0.19       18.73        0.011
   -39.70       -7.01      -39.12         -39.65       -7.02      -39.09        0.057
   -27.64       11.00      -27.61         -27.66       11.04      -27.62        0.044
   -26.55        2.80      -13.29         -26.55        2.80      -13.30        0.010
   -17.93       -0.99      -46.99         -17.93       -1.01      -46.93        0.069
   -15.81       15.52       20.71         -15.93       15.49       20.63        0.153
   -29.20        4.81      -14.16         -29.20        4.80      -14.18        0.022
    -0.12       21.84       35.15          -0.13       21.79       35.14        0.051
   -15.31       20.70       27.06         -15.41       20.78       27.08        0.129
   -18.87       -6.03      -48.41         -18.87       -6.03      -48.41        0.000
     1.71      -18.02      -23.28           1.72      -18.02      -23.28        0.013
    -0.71      -21.23      -24.05          -0.65      -21.29      -24.06        0.078
   -35.14      -14.53      -44.63         -35.10      -14.50      -44.58        0.061
     0.91      -16.84       -7.65           0.92      -16.88       -7.63        0.055
     5.42      -10.63       13.07           5.42      -10.67       13.09        0.047
    26.88       10.76       25.65          26.97       10.79       25.68        0.096
   -32.72      -17.76       -8.71         -32.69      -17.75       -8.76        0.053
    23.64      -10.76        0.06          23.63      -10.72        0.04        0.049
    -1.39       -6.86       33.29          -1.41       -6.93       33.30        0.082
    -0.66      -21.34      -23.16          -0.66      -21.34      -23.16        0.004
     6.41       22.89       27.56           6.40       23.00       27.58        0.110
     7.53        1.60       63.26           7.53        1.60       63.31        0.051
    21.47       24.84      -22.36          21.39       24.66      -22.33        0.197
   -41.91      -18.38      -28.46         -41.97      -18.39      -28.50        0.068
    -6.15       22.17       36.18          -6.16       22.03       36.08        0.174
    -2.75       18.93       10.11          -2.75       18.93       10.11        0.003
   -20.34      -27.05      -11.42         -20.34      -27.06      -11.41        0.016
     0.71        6.96       63.46           0.71        6.96       63.44        0.021
   -32.78      -29.24      -28.34         -32.71      -29.14      -28.33        0.119
   -10.63      -26.93      -37.95         -10.66      -26.88      -37.91        0.082
    -7.51        8.38      -14.40          -7.51        8.23      -14.41        0.148
    35.55        9.80      -17.68          35.53        9.79      -17.67        0.023
    -9.11      -10.47        3.82          -9.10      -10.45        3.80        0.029
    25.49        0.75       29.13          25.44        0.78       29.12        0.060
    -6.82      -26.56      -32.72          -6.82      -26.56      -32.72        0.001
    35.01       15.47      -11.61          34.92       15.41      -11.60        0.110
   -12.58        2.36       10.60         -12.62        2.37       10.61        0.040
    -6.47        9.18       50.92          -6.46        9.18       50.92        0.004
    32.85       -6.16        0.44          32.97       -6.30        0.44        0.180
    16.30       19.19       50.19          16.41       19.31       50.21        0.157
    21.83       14.15       43.15          21.86       14.17       43.16        0.036
   -34.08      -12.72      -46.06         -34.08      -12.72      -46.06        0.005
   -24.94      -32.39      -30.39         -24.93      -32.37      -30.38        0.026
   -22.54        1.20      -45.55         -22.54        1.18      -45.53        0.030
   -18.54       -2.89      -47.34         -18.54       -2.89      -47.35        0.011
    32.43        0.51      -24.84          32.46        0.51      -24.86        0.039
    31.42       19.50       -2.76          31.38       19.47       -2.76        0.056
    23.21       13.08       38.86          23.16       13.05       38.86        0.057
    20.54       14.12       51.14          20.65       14.20       51.15        0.139
    25.99        4.04       31.21          25.99        4.04       31.21        0.004
    15.47       -6.81      -22.12          15.46       -6.83      -22.24        0.128
    36.70       -2.50       -7.69          36.69       -2.49       -7.69        0.006
   -19.05        6.23      -14.36         -19.06        6.26      -14.33        0.046
    14.55       21.90       36.11          14.56       21.92       36.11        0.021
    11.70       20.37       59.96          11.70       20.34       59.96        0.025
   -15.20        1.96      -44.43         -15.20        1.96      -44.42        0.006
    23.75      -10.41        0.62          23.75      -10.41        0.62        0.003
   -42.15      -15.60      -29.17         -42.14      -15.61      -29.16        0.019
   -15.15       13.22       29.92         -15.17       13.20       29.93        0.028
   -19.18      -11.74       -3.90         -19.20      -11.79       -3.82        0.102
    -3.44       -9.30       17.94          -3.49       -9.44       17.96        0.142
   -34.63      -17.89      -43.21         -34.64      -17.90      -43.21        0.014
   -13.30      -25.27      -11.57         -13.32      -25.25      -11.60        0.049
    25.65       12.33       28.69          25.64       12.33       28.69        0.003
    12.50      -16.14       -2.39          12.47      -16.25       -2.36        0.119
   -15.71      -27.00      -40.82         -15.72      -26.97      -40.80        0.043
    -9.66       -3.90       15.47          -9.60       -3.86       15.45        0.071
   -38.62       -9.71      -41.40         -38.62       -9.71      -41.40        0.006
   -17.67       12.07      -25.42         -17.67       12.03      -25.42        0.034
     8.89      -15.96      -12.49           8.90      -16.03      -12.49        0.070
    18.26       -5.21       31.76          18.24       -5.15       31.75        0.055
    15.50       21.70       36.81          15.49       21.68       36.81        0.021
    10.64       10.28       63.14          10.64       10.28       63.16        0.024
    18.46       25.46      -14.77          18.45       25.52      -14.77        0.060
   -10.47       11.36       13.92         -10.48       11.36       13.92        0.009
    21.28      -15.67       -5.24          21.16      -15.51       -5.32        0.219
    -3.80       24.39       23.82          -3.78       24.47       23.80        0.081
   -19.37        6.99      -15.24         -19.35        6.96      -15.27        0.043
   -14.42        6.67      -40.04         -14.42        6.67      -40.04        0.000
    18.31       20.92       36.29          18.31       20.93       36.29        0.009
