200   PA234_Student_Data/PA4-H-Unknown-Output.txt
    33.87       17.01        4.52          33.87       17.01        4.52        0.001
    14.09       25.99       -6.85          14.09       25.99       -6.85        0.006
    13.14      -16.09      -11.80          13.14      -16.09      -11.80        0.001
    29.67       -4.44       13.53          29.67       -4.44       13.53        0.005
    35.46        3.87      -19.49          35.46        3.87      -19.49        0.001
    17.94       25.35      -16.78          17.94       25.34      -16.78        0.004
     4.52        4.98       63.40           4.52        4.98       63.40        0.000
    -4.97       -2.63       44.35          -4.97       -2.63       44.35        0.000
    22.99        7.44       47.35          22.99        7.44       47.35        0.004
   -13.12        5.52       -7.46         -13.13        5.53       -7.46        0.005
   -11.39       15.70       36.57         -11.39       15.70       36.57        0.002
    37.33       12.73        4.16          37.33       12.73        4.16        0.001
    29.40       -8.14        4.47          29.40       -8.15        4.47        0.002
     8.49       20.50       56.87           8.49       20.51       56.87        0.006
   -43.54       -4.84      -27.79         -43.55       -4.84      -27.79        0.007
   -10.90        7.26       22.86         -10.91        7.26       22.86        0.008
    35.73       -0.60       11.00          35.73       -0.60       11.01        0.004
    -4.78       17.46       44.24          -4.77       17.45       44.24        0.012
    31.27       19.33        6.46          31.27       19.34        6.46        0.012
   -36.94       -2.50      -40.90         -36.94       -2.50      -40.90        0.003
    -1.27       23.51       29.89          -1.27       23.50       29.89        0.010
   -15.08       11.34      -26.84         -15.08       11.34      -26.84        0.000
    15.62        1.80      -21.55          15.62        1.80      -21.55        0.001
   -30.15      -10.71      -47.34         -30.15      -10.71      -47.34        0.002
    -6.34      -24.79      -17.28          -6.34      -24.79      -17.28        0.002
     8.69       21.51       38.87           8.69       21.51       38.87        0.002
   -25.47        7.99      -38.08         -25.47        8.00      -38.08        0.009
   -32.09      -18.35      -44.61         -32.08      -18.35      -44.61        0.003
    33.75       -6.43      -16.44          33.76       -6.44      -16.44        0.006
     6.71       -7.86      -23.40           6.71       -7.86      -23.40        0.001
   -22.74      -11.29       -4.83         -22.74      -11.29       -4.83        0.002
    29.29       19.81       10.58          29.30       19.82       10.58        0.007
   -10.43       15.57       14.91         -10.43       15.57       14.91        0.003
   -15.83       15.28       20.54         -15.83       15.28       20.54        0.000
     0.02       17.17       58.76           0.01       17.18       58.76        0.007
   -15.02       12.54       28.19         -15.02       12.54       28.19        0.006
     8.78       -5.95      -22.18           8.78       -5.95      -22.18        0.002
    11.23      -13.52        3.60          11.23      -13.53        3.60        0.010
    18.55      -14.63       -2.44          18.55      -14.63       -2.44        0.003
   -30.52        6.40      -37.68         -30.52        6.40      -37.68        0.001
    27.26       14.35       20.51          27.26       14.36       20.51        0.002
    18.50       22.94       19.54          18.50       22.95       19.54        0.010
    -5.65       -1.37       42.13          -5.66       -1.37       42.13        0.005
   -10.47      -29.92      -25.26         -10.47      -29.92      -25.26        0.005
    33.78       10.90       11.90          33.78       10.90       11.90        0.002
    13.30       19.67      -30.22          13.30       19.67      -30.22        0.000
    17.88       -5.54       29.84          17.87       -5.54       29.84        0.005
   -18.94        7.48      -39.55         -18.94        7.48      -39.55        0.003
    -6.09       10.44        1.88          -6.09       10.44        1.88        0.005
   -10.73       -7.36        7.15         -10.73       -7.36        7.15        0.001
   -28.75       10.23      -29.47         -28.75       10.23      -29.47        0.001
    -0.59      -16.58      -34.61          -0.59      -16.58      -34.61        0.003
    -0.53      -19.91      -15.31          -0.53      -19.91      -15.31        0.001
    29.21       20.00      -20.37          29.21       20.00      -20.37        0.001
     8.73        1.64      -20.07           8.73        1.64      -20.07        0.000
    23.87       -3.20      -26.66          23.87       -3.20      -26.66        0.001
    -9.56      -11.17        2.49          -9.56      -11.17        2.49        0.001
   -11.58       -2.63      -45.51         -11.58       -2.63      -45.51        0.000
     8.13      -13.90      -18.93           8.13      -13.91      -18.93        0.004
    15.37       21.34       42.32          15.37       21.35       42.32        0.004
    16.67       26.94       -4.12          16.67       26.94       -4.12        0.002
   -12.42       -1.65      -45.56         -12.42       -1.65      -45.56        0.002
   -26.16      -16.73      -47.50         -26.16      -16.73      -47.50        0.003
    -5.30       18.37       41.38          -5.30       18.36       41.38        0.002
    16.21       11.53      -27.80          16.22       11.54      -27.79        0.007
   -18.20      -22.61      -45.33         -18.20      -22.61      -45.33        0.006
    -1.50        2.47      -24.72          -1.50        2.47      -24.72        0.002
    -8.53        1.65      -40.09          -8.53        1.65      -40.09        0.001
   -12.64      -26.37      -13.62         -12.63      -26.37      -13.62        0.005
     5.38       19.89       50.59           5.38       19.91       50.59        0.015
    38.27       -0.14       -0.63          38.27       -0.14       -0.63        0.002
    36.57       13.31       -7.78          36.57       13.32       -7.78        0.003
   -14.40      -18.40      -46.45         -14.40      -18.40      -46.44        0.006
    11.07       20.90       53.87          11.07       20.90       53.87        0.004
     2.88        3.84       63.54           2.88        3.84       63.54        0.002
    23.00       24.92       -8.20          23.00       24.93       -8.20        0.007
    38.74        0.82        3.09          38.74        0.82        3.09        0.001
    -6.94        4.82       52.14          -6.94        4.82       52.14        0.003
     6.01      -14.47      -20.70           6.00      -14.47      -20.70        0.001
    31.27       13.10      -24.27          31.26       13.10      -24.27        0.004
    27.87       15.96      -25.63          27.87       15.96      -25.64        0.003
   -10.80       19.27       16.32         -10.80       19.27       16.31        0.008
   -10.58      -30.12      -26.38         -10.58      -30.12      -26.38        0.003
    28.64       20.20      -20.91          28.64       20.20      -20.91        0.000
    32.76       10.96      -23.67          32.76       10.96      -23.67        0.002
    20.10        3.99      -26.24          20.10        3.99      -26.24        0.006
    -2.26      -20.06      -13.04          -2.26      -20.05      -13.04        0.006
    31.92        2.21      -25.73          31.92        2.21      -25.73        0.000
     8.42       -7.07       53.01           8.42       -7.07       53.01        0.009
     4.87       24.52       12.00           4.87       24.51       12.00        0.009
    22.53        8.10       50.33          22.53        8.10       50.33        0.008
    -7.82      -10.52        4.83          -7.82      -10.52        4.83        0.001
    26.37       23.36      -11.24          26.37       23.36      -11.24        0.001
    -2.89       23.89       29.46          -2.89       23.89       29.46        0.003
    21.00       25.83        2.28          21.00       25.82        2.28        0.003
   -15.30       -1.40        4.20         -15.29       -1.40        4.20        0.005
   -33.04      -12.00       -7.30         -33.04      -12.00       -7.30        0.003
   -25.81      -22.71      -44.60         -25.81      -22.71      -44.60        0.002
    -0.15       -7.14      -29.18          -0.15       -7.14      -29.18        0.001
   -10.57        0.73       16.96         -10.57        0.73       16.97        0.005
    29.13       -1.44       18.28          29.13       -1.44       18.28        0.003
   -22.23        8.05      -38.89         -22.23        8.06      -38.89        0.009
    35.61       14.12        7.29          35.61       14.12        7.29        0.002
    -5.71      -21.64      -38.60          -5.71      -21.63      -38.59        0.004
    -1.63       21.49       37.01          -1.63       21.50       37.01        0.006
    10.55       21.33      -10.87          10.55       21.33      -10.87        0.000
    20.86      -11.76      -21.27          20.86      -11.76      -21.27        0.000
    12.12       25.77       11.71          12.12       25.78       11.72        0.006
    15.55      -13.12        2.59          15.55      -13.13        2.59        0.004
    -6.28      -19.56       -9.80          -6.28      -19.56       -9.80        0.005
   -32.43        5.09      -38.06         -32.43        5.09      -38.06        0.001
    -1.51      -20.32      -33.72          -1.51      -20.33      -33.72        0.001
    36.91       12.60       -7.94          36.91       12.60       -7.95        0.002
   -38.94       -0.83      -36.80         -38.94       -0.83      -36.80        0.004
    21.49       15.78       40.01          21.50       15.78       40.01        0.010
   -28.49      -28.43      -15.03         -28.49      -28.42      -15.03        0.003
    31.23        0.62      -26.67          31.24        0.62      -26.67        0.005
   -40.65        0.07      -21.14         -40.65        0.07      -21.14        0.005
    23.18      -12.25       -2.56          23.18      -12.25       -2.56        0.001
   -30.76      -30.48      -27.44         -30.76      -30.48      -27.44        0.004
    20.09       13.94       57.45          20.09       13.94       57.45        0.002
    29.76       -9.48       -2.61          29.76       -9.48       -2.61        0.003
     6.60        2.50      -19.96           6.60        2.50      -19.97        0.003
    -4.94       -4.57      -40.62          -4.94       -4.57      -40.62        0.002
    22.25        7.60       52.55          22.25        7.60       52.55        0.002
    23.59      -13.85       -5.49          23.58      -13.84       -5.49        0.001
    -0.96      -10.69      -34.75          -0.96      -10.69      -34.75        0.001
   -32.43      -26.42      -15.66         -32.43      -26.42      -15.66        0.003
    22.46        7.97       50.96          22.46        7.97       50.96        0.003
    -9.09      -10.28        4.15          -9.09      -10.28        4.15        0.008
    18.59       -6.86       16.82          18.59       -6.85       16.82        0.007
    29.55       -8.63      -21.91          29.55       -8.64      -21.92        0.006
    31.81       14.24       12.55          31.82       14.24       12.56        0.005
     7.51       -7.29       59.42           7.51       -7.28       59.42        0.011
    33.56       -4.19       10.49          33.56       -4.19       10.49        0.001
    -9.26      -22.49      -41.79          -9.26      -22.49      -41.78        0.006
   -25.27      -15.24       -6.37         -25.27      -15.24       -6.37        0.001
    21.31      -16.71      -11.24          21.31      -16.72      -11.24        0.009
   -42.38      -17.46      -25.10         -42.38      -17.46      -25.10        0.003
    28.36        3.21      -29.82          28.36        3.21      -29.82        0.003
    -5.54      -24.60      -34.36          -5.53      -24.60      -34.36        0.004
    -6.87        8.86       44.99          -6.86        8.86       44.99        0.001
    -9.76        2.05       21.01          -9.76        2.05       21.01        0.002
    -0.87       19.91       41.59          -0.87       19.91       41.59        0.000
    11.01       -6.57       59.61          11.01       -6.57       59.61        0.006
    -8.91      -20.59       -9.46          -8.91      -20.59       -9.46        0.000
    11.77       -8.23       16.06          11.77       -8.24       16.07        0.008
   -28.09      -18.12      -46.66         -28.09      -18.12      -46.66        0.003
   -20.24      -13.70      -48.32         -20.24      -13.70      -48.32        0.001
   -24.37      -21.41      -45.70         -24.37      -21.41      -45.70        0.001
    17.65       -2.26       59.96          17.65       -2.26       59.96        0.001
   -33.21      -28.52      -30.57         -33.21      -28.52      -30.57        0.003
    12.54       22.52       31.34          12.54       22.51       31.34        0.006
    22.11       24.59        7.10          22.11       24.59        7.10        0.000
   -39.97      -11.81      -35.92         -39.97      -11.82      -35.92        0.005
    10.91        9.58      -13.12          10.91        9.57      -13.12        0.003
    -5.52       -1.29       48.79          -5.51       -1.29       48.79        0.009
    15.61      -17.52       -9.15          15.61      -17.52       -9.16        0.001
   -10.40      -24.45      -40.80         -10.40      -24.45      -40.79        0.001
   -26.61       11.55      -25.31         -26.61       11.55      -25.31        0.004
    33.16        7.90      -24.19          33.16        7.90      -24.19        0.002
   -10.06        7.10       26.18         -10.06        7.10       26.18        0.007
    23.20        9.35       45.88          23.20        9.35       45.88        0.001
     4.13       -1.27       63.32           4.13       -1.27       63.33        0.004
    -5.75       22.02       16.19          -5.75       22.02       16.19        0.006
   -13.66      -27.19      -39.67         -13.67      -27.19      -39.67        0.002
    11.11       21.36       45.98          11.11       21.36       45.98        0.002
    11.51       25.03       -6.65          11.51       25.03       -6.65        0.001
    -1.05        7.97       63.38          -1.05        7.97       63.38        0.000
    30.56       20.59        1.18          30.56       20.59        1.18        0.000
     1.55       19.20       47.50           1.55       19.21       47.50        0.002
   -36.70      -13.60      -43.46         -36.70      -13.60      -43.46        0.002
    -7.54       -7.63       13.84          -7.54       -7.63       13.84        0.008
    -2.71       -5.11       45.95          -2.72       -5.11       45.95        0.007
   -16.64       10.24      -35.75         -16.64       10.23      -35.75        0.007
    29.46        0.19       18.78          29.46        0.19       18.78        0.003
    -2.72       -4.84       51.19          -2.72       -4.83       51.19        0.008
    -4.86       -2.30       54.12          -4.86       -2.30       54.12        0.002
   -24.26      -31.74      -19.78         -24.26      -31.74      -19.78        0.000
   -28.98        7.13      -37.63         -28.98        7.12      -37.63        0.005
    -2.80       -5.83       36.73          -2.80       -5.85       36.74        0.011
     7.11       20.02       -5.66           7.11       20.02       -5.66        0.001
     6.41       23.17       26.34           6.41       23.17       26.34        0.005
     7.44       -7.17       54.72           7.45       -7.18       54.72        0.014
   -11.54        5.91       16.66         -11.53        5.91       16.66        0.003
   -31.87       -4.74       -9.36         -31.87       -4.74       -9.36        0.002
    12.00       24.79       15.57          12.00       24.80       15.57        0.005
    15.35       -5.37       44.54          15.35       -5.37       44.54        0.003
   -28.51      -30.25      -33.91         -28.51      -30.25      -33.92        0.004
   -21.72      -12.62      -49.11         -21.72      -12.62      -49.11        0.004
    39.15        2.05        6.24          39.15        2.05        6.24        0.002
    10.95       -3.59       63.33          10.95       -3.59       63.33        0.001
   -18.90       -2.14       -3.02         -18.90       -2.14       -3.02        0.004
    -9.65       15.60       38.09          -9.65       15.60       38.09        0.003
    -5.32        0.95      -33.62          -5.32        0.95      -33.62        0.000
    24.36       16.85       25.31          24.36       16.85       25.31        0.001
   -11.95      -14.16       -2.90         -11.96      -14.16       -2.89        0.006
     3.08       21.77       34.37           3.08       21.76       34.37        0.008
   -10.64      -11.44      -46.95         -10.64      -11.44      -46.95        0.002
    19.15       -1.48       52.71          19.15       -1.48       52.71        0.004
